사용단어	가중치	사용횟수	단어승률
가게	91	100	0.91
가격	100	100	1.0
가구	89	100	0.89
가까이	90	100	0.9
가난	100	100	1.0
가능	44	100	0.44
가능성	76	100	0.76
가로	42	100	0.42
가로등	84	100	0.84
가로수	89	100	0.89
가루	100	100	1.0
가르침	74	100	0.74
가뭄	100	100	1.0
가방	91	100	0.91
가사	72	100	0.72
가상	90	100	0.9
가수	97	100	0.97
가스	80	100	0.8
가슴	100	100	1.0
가슴속	96	100	0.96
가요	93	100	0.93
가운데	100	100	1.0
가위	71	100	0.71
가을	100	100	1.0
가이드	100	100	1.0
가입	78	100	0.78
가입자	85	100	0.85
가장	79	100	0.79
가정	100	100	1.0
가정교사	69	100	0.69
가족	100	100	1.0
가죽	100	100	1.0
가지	88	100	0.88
가짜	98	100	0.98
가치	75	100	0.75
가치관	77	100	0.77
가톨릭	100	100	1.0
각각	100	100	1.0
각국	90	100	0.9
각오	79	100	0.79
각자	81	100	0.81
각종	80	100	0.8
간격	100	100	1.0
간부	92	100	0.92
간섭	100	100	1.0
간식	83	100	0.83
간장	83	100	0.83
간접	51	100	0.51
간접적	76	100	0.76
간판	100	100	1.0
간호	81	100	0.81
간호사	80	100	0.8
갈등	83	100	0.83
갈비	77	100	0.77
갈비탕	100	100	1.0
갈색	52	100	0.52
갈증	96	100	0.96
감각	97	100	0.97
감기	84	100	0.84
감독	91	100	0.91
감동	89	100	0.89
감동적	85	100	0.85
감사	80	100	0.8
감상	90	100	0.9
감소	93	100	0.93
감수성	82	100	0.82
감옥	100	100	1.0
감자	86	100	0.86
감정	99	100	0.99
감정적	83	100	0.83
강남	88	100	0.88
강당	100	100	1.0
강도	87	100	0.87
강물	91	100	0.91
강변	100	100	1.0
강북	67	100	0.67
강사	83	100	0.83
강수량	100	100	1.0
강아지	88	100	0.88
강원도	84	100	0.84
강의	93	100	0.93
강제	100	100	1.0
강조	86	100	0.86
갖가지	92	100	0.92
개개인	84	100	0.84
개구리	46	100	0.46
개나리	52	100	0.52
개미	80	100	0.8
개방	89	100	0.89
개별	100	100	1.0
개선	89	100	0.89
개성	87	100	0.87
개인	84	100	0.84
개인적	78	100	0.78
객관적	78	100	0.78
거리	48	100	0.48
거실	85	100	0.85
거액	100	100	1.0
거울	100	100	1.0
거짓	100	100	1.0
거짓말	65	100	0.65
거품	100	100	1.0
걱정	98	100	0.98
건강	88	100	0.88
건너	100	100	1.0
건너편	100	100	1.0
건넌방	90	100	0.9
건물	95	100	0.95
건설	67	100	0.67
건조	87	100	0.87
건축	100	100	1.0
걷기	82	100	0.82
걸음	82	100	0.82
검사	82	100	0.82
검은색	46	100	0.46
검정색	61	100	0.61
검토	69	100	0.69
게시판	100	100	1.0
게임	100	100	1.0
겨울	100	100	1.0
겨울철	100	100	1.0
겨자	83	100	0.83
견해	98	100	0.98
결과	100	100	1.0
결과적	81	100	0.81
결국	92	100	0.92
결론	100	100	1.0
결석	100	100	1.0
결승	99	100	0.99
결심	83	100	0.83
결정	100	100	1.0
결혼	100	100	1.0
결혼식	84	100	0.84
경계	75	100	0.75
경고	77	100	0.77
경기	81	100	0.81
경기도	84	100	0.84
경기장	81	100	0.81
경력	100	100	1.0
경복궁	100	100	1.0
경비	84	100	0.84
경상도	86	100	0.86
경영	81	100	0.81
경우	88	100	0.88
경쟁	100	100	1.0
경쟁력	100	100	1.0
경제	100	100	1.0
경제력	100	100	1.0
경제적	80	100	0.8
경제학	77	100	0.77
경주	91	100	0.91
경찰	100	100	1.0
경찰관	75	100	0.75
경찰서	77	100	0.77
경치	69	100	0.69
경향	100	100	1.0
경험	100	100	1.0
계곡	100	100	1.0
계단	91	100	0.91
계란	100	100	1.0
계산	95	100	0.95
계산기	88	100	0.88
계약	87	100	0.87
계절	97	100	0.97
계좌	98	100	0.98
계층	100	100	1.0
계획	100	100	1.0
고개	100	100	1.0
고객	100	100	1.0
고교	99	100	0.99
고구려	100	100	1.0
고구마	61	100	0.61
고궁	100	100	1.0
고급	100	100	1.0
고기	84	100	0.84
고등학교	96	100	0.96
고등학생	92	100	0.92
고려	100	100	1.0
고모	77	100	0.77
고모부	88	100	0.88
고무신	87	100	0.87
고민	84	100	0.84
고생	91	100	0.91
고속	97	100	0.97
고속도로	41	100	0.41
고속버스	90	100	0.9
고양이	89	100	0.89
고장	82	100	0.82
고전	91	100	0.91
고집	100	100	1.0
고추	69	100	0.69
고추장	85	100	0.85
고춧가루	100	100	1.0
고통	98	100	0.98
고함	100	100	1.0
고향	100	100	1.0
곡식	84	100	0.84
골목	70	100	0.7
골목길	100	100	1.0
골짜기	85	100	0.85
골치	75	100	0.75
골프	76	100	0.76
골프장	75	100	0.75
곳곳	100	100	1.0
공간	72	100	0.72
공개	98	100	0.98
공격	100	100	1.0
공공	93	100	0.93
공군	100	100	1.0
공급	100	100	1.0
공기	89	100	0.89
공동	87	100	0.87
공무원	87	100	0.87
공부	89	100	0.89
공사	75	100	0.75
공식	83	100	0.83
공식적	70	100	0.7
공업	100	100	1.0
공연	90	100	0.9
공연장	75	100	0.75
공원	89	100	0.89
공장	77	100	0.77
공주	91	100	0.91
공중	90	100	0.9
공중전화	99	100	0.99
공짜	96	100	0.96
공책	98	100	0.98
공통	99	100	0.99
공통적	72	100	0.72
공통점	74	100	0.74
공포	91	100	0.91
공항	100	100	1.0
공항버스	82	100	0.82
공해	96	100	0.96
공휴일	95	100	0.95
과거	88	100	0.88
과목	69	100	0.69
과외	77	100	0.77
과일	96	100	0.96
과자	88	100	0.88
과장	81	100	0.81
과정	100	100	1.0
과제	100	100	1.0
과학	83	100	0.83
과학자	85	100	0.85
과학적	80	100	0.8
관객	100	100	1.0
관계	64	100	0.64
관계자	83	100	0.83
관광	100	100	1.0
관광객	100	100	1.0
관광버스	81	100	0.81
관광지	87	100	0.87
관념	100	100	1.0
관람	100	100	1.0
관람객	100	100	1.0
관련	100	100	1.0
관리	54	100	0.54
관습	100	100	1.0
관심	79	100	0.79
관심사	81	100	0.81
관점	72	100	0.72
관찰	100	100	1.0
광경	76	100	0.76
광고	73	100	0.73
광장	82	100	0.82
광주	90	100	0.9
괴로움	93	100	0.93
교과서	82	100	0.82
교내	82	100	0.82
교대	87	100	0.87
교류	100	100	1.0
교문	88	100	0.88
교복	92	100	0.92
교사	84	100	0.84
교수	90	100	0.9
교실	77	100	0.77
교양	79	100	0.79
교외	81	100	0.81
교육	95	100	0.95
교육비	80	100	0.8
교육자	84	100	0.84
교장	79	100	0.79
교재	73	100	0.73
교직	99	100	0.99
교체	77	100	0.77
교통	99	100	0.99
교통사고	75	100	0.75
교포	89	100	0.89
교환	66	100	0.66
교회	99	100	0.99
교훈	0	100	0.0
구경	70	100	0.7
구두	56	100	0.56
구름	100	100	1.0
구멍	100	100	1.0
구별	100	100	1.0
구분	90	100	0.9
구석	100	100	1.0
구석구석	100	100	1.0
구성	84	100	0.84
구속	95	100	0.95
구역	100	100	1.0
구월	52	100	0.52
구입	81	100	0.81
구조	85	100	0.85
구청	50	100	0.5
구체적	84	100	0.84
국가	84	100	0.84
국가적	82	100	0.82
국기	84	100	0.84
국내	82	100	0.82
국내선	94	100	0.94
국내외	92	100	0.92
국립	100	100	1.0
국물	90	100	0.9
국민	84	100	0.84
국민적	79	100	0.79
국사	77	100	0.77
국산	93	100	0.93
국수	88	100	0.88
국어	68	100	0.68
국왕	100	100	1.0
국적	78	100	0.78
국제	100	100	1.0
국제선	88	100	0.88
국제적	76	100	0.76
국제화	99	100	0.99
국회	99	100	0.99
국회의원	82	100	0.82
군대	83	100	0.83
군사	80	100	0.8
군인	85	100	0.85
궁극적	81	100	0.81
권리	45	100	0.45
권위	80	100	0.8
권투	99	100	0.99
귀가	74	100	0.74
귀국	93	100	0.93
귀신	94	100	0.94
귓속	98	100	0.98
규모	80	100	0.8
규정	99	100	0.99
규칙	100	100	1.0
규칙적	85	100	0.85
균형	88	100	0.88
그간	75	100	0.75
그날	100	100	1.0
그늘	100	100	1.0
그다음	77	100	0.77
그동안	79	100	0.79
그때	100	100	1.0
그래픽	100	100	1.0
그룹	100	100	1.0
그릇	100	100	1.0
그리움	93	100	0.93
그림	100	100	1.0
그림자	83	100	0.83
그사이	85	100	0.85
그저께	100	100	1.0
그전	94	100	0.94
그중	88	100	0.88
그해	95	100	0.95
극복	88	100	0.88
극작가	82	100	0.82
극장	70	100	0.7
근거	77	100	0.77
근교	97	100	0.97
근래	100	100	1.0
근로	45	100	0.45
근로자	82	100	0.82
근무	76	100	0.76
근본	84	100	0.84
근본적	74	100	0.74
근원	85	100	0.85
근육	97	100	0.97
근처	74	100	0.74
글쓰기	88	100	0.88
글씨	0	100	0.0
글자	81	100	0.81
금강산	92	100	0.92
금고	80	100	0.8
금년	100	100	1.0
금메달	52	100	0.52
금액	100	100	1.0
금연	86	100	0.86
금요일	96	100	0.96
금지	88	100	0.88
긍정적	78	100	0.78
기간	83	100	0.83
기계	73	100	0.73
기관	74	100	0.74
기구	78	100	0.78
기기	85	100	0.85
기념	100	100	1.0
기념일	100	100	1.0
기념품	100	100	1.0
기능	49	100	0.49
기대	89	100	0.89
기도	85	100	0.85
기독교	95	100	0.95
기둥	100	100	1.0
기록	100	100	1.0
기름	100	100	1.0
기법	38	100	0.38
기본	86	100	0.86
기본적	80	100	0.8
기분	89	100	0.89
기쁨	100	100	1.0
기사	84	100	0.84
기성	78	100	0.78
기성세대	86	100	0.86
기숙사	75	100	0.75
기술	89	100	0.89
기술자	85	100	0.85
기억	100	100	1.0
기업	100	100	1.0
기업인	83	100	0.83
기여	87	100	0.87
기온	97	100	0.97
기운	100	100	1.0
기원	81	100	0.81
기원전	94	100	0.94
기자	87	100	0.87
기적	71	100	0.71
기준	100	100	1.0
기차	63	100	0.63
기초	80	100	0.8
기초적	87	100	0.87
기침	64	100	0.64
기타	75	100	0.75
기호	86	100	0.86
기혼	100	100	1.0
기회	99	100	0.99
기획	100	100	1.0
기후	79	100	0.79
긴급	100	100	1.0
긴장	81	100	0.81
긴장감	100	100	1.0
길가	81	100	0.81
길거리	44	100	0.44
길이	83	100	0.83
김밥	21	100	0.21
김치	62	100	0.62
김치찌개	97	100	0.97
김포공항	100	100	1.0
깊이	91	100	0.91
까닭	100	100	1.0
까만색	61	100	0.61
까치	73	100	0.73
깍두기	82	100	0.82
깡패	0	100	0.0
깨달음	81	100	0.81
깨소금	89	100	0.89
껍질	96	100	0.96
꼬리	54	100	0.54
꼬마	56	100	0.56
꼭대기	83	100	0.83
꽃씨	0	100	0.0
꽃잎	100	100	1.0
꾸중	87	100	0.87
꿈속	98	100	0.98
나들이	80	100	0.8
나라	84	100	0.84
나머지	92	100	0.92
나무	67	100	0.67
나물	89	100	0.89
나뭇가지	88	100	0.88
나뭇잎	100	100	1.0
나비	93	100	0.93
나이	84	100	0.84
나중	88	100	0.88
나침반	86	100	0.86
나흘	100	100	1.0
낙엽	100	100	1.0
낚시	81	100	0.81
낚시꾼	100	100	1.0
낚싯대	87	100	0.87
난리	43	100	0.43
난방	92	100	0.92
날개	100	100	1.0
날씨	0	100	0.0
날짜	98	100	0.98
남녀	100	100	1.0
남대문	92	100	0.92
남대문시장	73	100	0.73
남동생	95	100	0.95
남매	67	100	0.67
남미	81	100	0.81
남부	89	100	0.89
남북	73	100	0.73
남산	95	100	0.95
남성	78	100	0.78
남자	89	100	0.89
남쪽	100	100	1.0
남편	99	100	0.99
남학생	91	100	0.91
낭비	81	100	0.81
낱말	65	100	0.65
내과	99	100	0.99
내년	100	100	1.0
내달	59	100	0.59
내부	92	100	0.92
내외	83	100	0.83
내용	80	100	0.8
내용물	92	100	0.92
내일	95	100	0.95
내적	83	100	0.83
내후년	100	100	1.0
냄비	85	100	0.85
냄새	62	100	0.62
냇물	93	100	0.93
냉동	85	100	0.85
냉면	97	100	0.97
냉방	95	100	0.95
냉장고	77	100	0.77
너머	77	100	0.77
네거리	50	100	0.5
넥타이	86	100	0.86
노동	84	100	0.84
노동자	81	100	0.81
노란색	54	100	0.54
노래	100	100	1.0
노래방	91	100	0.91
노랫소리	46	100	0.46
노력	100	100	1.0
노선	89	100	0.89
노인	84	100	0.84
노트	0	100	0.0
녹색	52	100	0.52
녹음	79	100	0.79
녹차	69	100	0.69
녹화	99	100	0.99
논리	45	100	0.45
논리적	83	100	0.83
논문	94	100	0.94
논쟁	100	100	1.0
놀이	91	100	0.91
놀이터	0	100	0.0
농구	84	100	0.84
농담	93	100	0.93
농민	80	100	0.8
농부	89	100	0.89
농사	73	100	0.73
농사일	97	100	0.97
농산물	97	100	0.97
농업	100	100	1.0
농장	84	100	0.84
농촌	100	100	1.0
높이	89	100	0.89
누나	81	100	0.81
눈가	75	100	0.75
눈길	100	100	1.0
눈동자	87	100	0.87
눈물	89	100	0.89
눈병	100	100	1.0
눈빛	0	100	0.0
눈썹	100	100	1.0
눈앞	79	100	0.79
뉴스	79	100	0.79
뉴욕	100	100	1.0
느낌	100	100	1.0
늑대	89	100	0.89
능동적	81	100	0.81
능력	100	100	1.0
늦가을	100	100	1.0
다리	44	100	0.44
다방	94	100	0.94
다수	93	100	0.93
다양성	79	100	0.79
다음	80	100	0.8
다이어트	0	100	0.0
다툼	100	100	1.0
다행	100	100	1.0
단계	64	100	0.64
단골	97	100	0.97
단독	83	100	0.83
단맛	100	100	1.0
단순	100	100	1.0
단어	63	100	0.63
단위	74	100	0.74
단점	77	100	0.77
단지	87	100	0.87
단체	79	100	0.79
단추	65	100	0.65
단편	100	100	1.0
단풍	96	100	0.96
달걀	100	100	1.0
달러	100	100	1.0
달력	100	100	1.0
달리기	83	100	0.83
달빛	0	100	0.0
닭고기	84	100	0.84
담당	100	100	1.0
담당자	83	100	0.83
담배	82	100	0.82
담요	95	100	0.95
담임	100	100	1.0
답변	99	100	0.99
답장	80	100	0.8
닷새	56	100	0.56
당근	94	100	0.94
당시	81	100	0.81
당장	74	100	0.74
대가	73	100	0.73
대개	99	100	0.99
대구	85	100	0.85
대규모	82	100	0.82
대기	88	100	0.88
대기업	100	100	1.0
대낮	100	100	1.0
대다수	91	100	0.91
대답	100	100	1.0
대도시	82	100	0.82
대량	100	100	1.0
대륙	100	100	1.0
대문	85	100	0.85
대부분	83	100	0.83
대비	88	100	0.88
대사	77	100	0.77
대사관	71	100	0.71
대상자	87	100	0.87
대신	89	100	0.89
대응	100	100	1.0
대입	81	100	0.81
대전	92	100	0.92
대접	70	100	0.7
대중	86	100	0.86
대중교통	96	100	0.96
대중문화	100	100	1.0
대중적	80	100	0.8
대책	100	100	1.0
대출	100	100	1.0
대통령	100	100	1.0
대표	94	100	0.94
대표적	74	100	0.74
대학	84	100	0.84
대학교	96	100	0.96
대학교수	92	100	0.92
대학로	56	100	0.56
대학생	93	100	0.93
대학원	83	100	0.83
대한민국	93	100	0.93
대합실	81	100	0.81
대형	91	100	0.91
대화	99	100	0.99
대회	100	100	1.0
더위	76	100	0.76
덕분	85	100	0.85
덕수궁	100	100	1.0
덩어리	46	100	0.46
데이트	0	100	0.0
도구	80	100	0.8
도덕	91	100	0.91
도둑	100	100	1.0
도로	46	100	0.46
도마	58	100	0.58
도망	100	100	1.0
도서관	71	100	0.71
도시	81	100	0.81
도시락	100	100	1.0
도심	83	100	0.83
도움	92	100	0.92
도움말	64	100	0.64
도입	87	100	0.87
도자기	86	100	0.86
도장	70	100	0.7
도전	95	100	0.95
도중	87	100	0.87
도착	100	100	1.0
도쿄	100	100	1.0
독감	100	100	1.0
독립	100	100	1.0
독서	83	100	0.83
독일	99	100	0.99
독일어	56	100	0.56
독창적	83	100	0.83
돌멩이	89	100	0.89
동그라미	78	100	0.78
동기	88	100	0.88
동네	100	100	1.0
동대문	89	100	0.89
동대문시장	77	100	0.77
동료	100	100	1.0
동물	93	100	0.93
동물원	90	100	0.9
동부	86	100	0.86
동생	94	100	0.94
동서	76	100	0.76
동서남북	62	100	0.62
동시	76	100	0.76
동아리	49	100	0.49
동안	84	100	0.84
동양	72	100	0.72
동양인	82	100	0.82
동의	89	100	0.89
동작	65	100	0.65
동전	94	100	0.94
동쪽	100	100	1.0
동창	88	100	0.88
동포	88	100	0.88
동행	100	100	1.0
동화	100	100	1.0
동화책	98	100	0.98
돼지	90	100	0.9
돼지고기	85	100	0.85
된장	79	100	0.79
된장찌개	99	100	0.99
두께	100	100	1.0
두뇌	100	100	1.0
두려움	94	100	0.94
두부	90	100	0.9
두통	100	100	1.0
둥지	90	100	0.9
뒤쪽	100	100	1.0
뒤편	99	100	0.99
뒷골목	75	100	0.75
뒷모습	100	100	1.0
뒷문	92	100	0.92
뒷산	94	100	0.94
드라마	68	100	0.68
등록	100	100	1.0
등록금	91	100	0.91
등록증	96	100	0.96
등산	95	100	0.95
등산로	50	100	0.5
등장	78	100	0.78
디스크	76	100	0.76
디자이너	100	100	1.0
디자인	86	100	0.86
따님	100	100	1.0
딸기	94	100	0.94
딸아이	90	100	0.9
땅바닥	100	100	1.0
땅속	98	100	0.98
땅콩	100	100	1.0
떡국	93	100	0.93
떡볶이	87	100	0.87
뚜껑	100	100	1.0
뜻밖	100	100	1.0
라디오	73	100	0.73
라면	98	100	0.98
라운드	100	100	1.0
라이벌	100	100	1.0
라이터	0	100	0.0
라인	79	100	0.79
라켓	100	100	1.0
러시아	57	100	0.57
런던	100	100	1.0
레몬	100	100	1.0
레스토랑	100	100	1.0
레이저	64	100	0.64
레저	67	100	0.67
렌즈	100	100	1.0
로봇	100	100	1.0
로터리	48	100	0.48
리그	64	100	0.64
리듬	100	100	1.0
마누라	75	100	0.75
마늘	100	100	1.0
마당	100	100	1.0
마디	93	100	0.93
마라톤	100	100	1.0
마련	100	100	1.0
마루	100	100	1.0
마무리	49	100	0.49
마사지	93	100	0.93
마약	84	100	0.84
마요네즈	100	100	1.0
마을	100	100	1.0
마음	86	100	0.86
마음가짐	100	100	1.0
마음속	96	100	0.96
마음씨	0	100	0.0
마이크	67	100	0.67
마중	86	100	0.86
마지막	100	100	1.0
마찬가지	94	100	0.94
마찰	100	100	1.0
마크	72	100	0.72
막걸리	43	100	0.43
막내	80	100	0.8
만남	88	100	0.88
만두	62	100	0.62
만세	95	100	0.95
만약	90	100	0.9
만일	94	100	0.94
만점	74	100	0.74
만족	100	100	1.0
만화	100	100	1.0
만화가	77	100	0.77
말기	84	100	0.84
말씀	100	100	1.0
말투	100	100	1.0
망원경	68	100	0.68
맞은편	100	100	1.0
매너	100	100	1.0
매력	100	100	1.0
매스컴	100	100	1.0
매일	98	100	0.98
매장	72	100	0.72
매체	73	100	0.73
맥주	93	100	0.93
머리	43	100	0.43
머리말	58	100	0.58
머리카락	100	100	1.0
머리칼	100	100	1.0
머릿속	97	100	0.97
먹이	85	100	0.85
먼지	87	100	0.87
메뉴	91	100	0.91
메모	76	100	0.76
메시지	92	100	0.92
메일	93	100	0.93
며느리	46	100	0.46
며칠	96	100	0.96
면담	98	100	0.98
면적	78	100	0.78
면접	66	100	0.66
멸치	74	100	0.74
명단	82	100	0.82
명령	100	100	1.0
명령어	62	100	0.62
명예	98	100	0.98
명의	92	100	0.92
명절	93	100	0.93
명칭	91	100	0.91
명함	100	100	1.0
모기	88	100	0.88
모니터	0	100	0.0
모델	100	100	1.0
모두	54	100	0.54
모래	100	100	1.0
모레	52	100	0.52
모범	93	100	0.93
모습	100	100	1.0
모양	79	100	0.79
모임	100	100	1.0
모자	86	100	0.86
모집	100	100	1.0
모퉁이	90	100	0.9
목걸이	87	100	0.87
목록	100	100	1.0
목사	80	100	0.8
목소리	52	100	0.52
목숨	100	100	1.0
목요일	97	100	0.97
목욕	100	100	1.0
목욕탕	100	100	1.0
목적	74	100	0.74
목표	93	100	0.93
몸매	64	100	0.64
몸무게	87	100	0.87
몸살	53	100	0.53
몸속	97	100	0.97
몸짓	100	100	1.0
몸통	97	100	0.97
묘사	75	100	0.75
무게	92	100	0.92
무관심	78	100	0.78
무궁화	99	100	0.99
무기	87	100	0.87
무늬	100	100	1.0
무대	85	100	0.85
무더위	75	100	0.75
무덤	100	100	1.0
무료	100	100	1.0
무릎	100	100	1.0
무리	50	100	0.5
무역	100	100	1.0
무용	78	100	0.78
무용가	76	100	0.76
무지개	99	100	0.99
문구	87	100	0.87
문밖	100	100	1.0
문법	52	100	0.52
문서	80	100	0.8
문자	86	100	0.86
문장	82	100	0.82
문제	100	100	1.0
문제점	83	100	0.83
문학	83	100	0.83
문학적	85	100	0.85
문화	98	100	0.98
문화재	76	100	0.76
문화적	86	100	0.86
물가	75	100	0.75
물건	90	100	0.9
물결	83	100	0.83
물고기	85	100	0.85
물기	88	100	0.88
물론	100	100	1.0
물리학	78	100	0.78
물속	96	100	0.96
물음	80	100	0.8
물질	100	100	1.0
물질적	86	100	0.86
물체	67	100	0.67
미국	94	100	0.94
미니	100	100	1.0
미디어	62	100	0.62
미래	100	100	1.0
미만	88	100	0.88
미사일	96	100	0.96
미소	96	100	0.96
미술	94	100	0.94
미술관	66	100	0.66
미스	85	100	0.85
미역	100	100	1.0
미용실	72	100	0.72
미움	94	100	0.94
미인	87	100	0.87
미팅	100	100	1.0
미혼	100	100	1.0
민간	80	100	0.8
민속	100	100	1.0
민족	100	100	1.0
민주	92	100	0.92
민주주의	92	100	0.92
민주화	100	100	1.0
믿음	81	100	0.81
밀가루	100	100	1.0
밑바닥	100	100	1.0
바가지	91	100	0.91
바구니	100	100	1.0
바깥	100	100	1.0
바깥쪽	100	100	1.0
바나나	85	100	0.85
바늘	100	100	1.0
바다	82	100	0.82
바닥	100	100	1.0
바닷가	76	100	0.76
바닷물	93	100	0.93
바람	100	100	1.0
바보	79	100	0.79
바위	73	100	0.73
바이러스	85	100	0.85
바이올린	100	100	1.0
바지	93	100	0.93
바퀴	100	100	1.0
바탕	100	100	1.0
박물관	70	100	0.7
박사	86	100	0.86
박수	97	100	0.97
박스	80	100	0.8
반대	86	100	0.86
반대편	99	100	0.99
반말	56	100	0.56
반면	94	100	0.94
반발	79	100	0.79
반성	80	100	0.8
반응	100	100	1.0
반장	84	100	0.84
반죽	100	100	1.0
반지	92	100	0.92
반찬	100	100	1.0
받침	57	100	0.57
발가락	100	100	1.0
발걸음	78	100	0.78
발견	100	100	1.0
발길	100	100	1.0
발끝	100	100	1.0
발달	53	100	0.53
발등	83	100	0.83
발레	43	100	0.43
발목	63	100	0.63
발바닥	100	100	1.0
발생	92	100	0.92
발음	79	100	0.79
발자국	93	100	0.93
발전	94	100	0.94
발톱	100	100	1.0
발표	96	100	0.96
밤낮	100	100	1.0
밤새	64	100	0.64
밤색	52	100	0.52
밤중	89	100	0.89
밤하늘	100	100	1.0
밥그릇	100	100	1.0
밥맛	100	100	1.0
밥상	87	100	0.87
밥솥	100	100	1.0
방면	97	100	0.97
방문	87	100	0.87
방바닥	100	100	1.0
방법	43	100	0.43
방송	97	100	0.97
방송국	93	100	0.93
방송사	81	100	0.81
방식	73	100	0.73
방안	86	100	0.86
방울	100	100	1.0
방지	86	100	0.86
방학	83	100	0.83
방해	96	100	0.96
방향	100	100	1.0
배경	72	100	0.72
배구	85	100	0.85
배꼽	100	100	1.0
배달	44	100	0.44
배드민턴	100	100	1.0
배우	90	100	0.9
배우자	91	100	0.91
배추	70	100	0.7
배추김치	70	100	0.7
배치	75	100	0.75
백두산	97	100	0.97
백색	54	100	0.54
백성	84	100	0.84
백인	74	100	0.74
백제	100	100	1.0
백화점	82	100	0.82
뱃사람	100	100	1.0
버릇	100	100	1.0
버섯	100	100	1.0
버스	87	100	0.87
버터	0	100	0.0
버튼	100	100	1.0
번개	97	100	0.97
번역	100	100	1.0
번지	93	100	0.93
번호	68	100	0.68
벌금	87	100	0.87
벌레	55	100	0.55
범위	76	100	0.76
범인	81	100	0.81
범죄	100	100	1.0
법률	100	100	1.0
법원	91	100	0.91
법적	81	100	0.81
법칙	100	100	1.0
베개	96	100	0.96
베이징	100	100	1.0
벤치	64	100	0.64
벨트	0	100	0.0
변경	75	100	0.75
변동	91	100	0.91
변명	73	100	0.73
변신	94	100	0.94
변호사	81	100	0.81
변화	99	100	0.99
별도	81	100	0.81
별명	80	100	0.8
별일	93	100	0.93
병실	75	100	0.75
병아리	43	100	0.43
병원	89	100	0.89
보고	90	100	0.9
보고서	84	100	0.84
보관	67	100	0.67
보너스	86	100	0.86
보도	88	100	0.88
보라색	59	100	0.59
보람	100	100	1.0
보름	100	100	1.0
보리	44	100	0.44
보상	82	100	0.82
보수	88	100	0.88
보수적	80	100	0.8
보안	84	100	0.84
보자기	86	100	0.86
보장	66	100	0.66
보전	92	100	0.92
보조	92	100	0.92
보존	100	100	1.0
보통	96	100	0.96
보편적	74	100	0.74
보험	100	100	1.0
보호	70	100	0.7
복도	83	100	0.83
복사	78	100	0.78
복사기	82	100	0.82
복숭아	58	100	0.58
복습	100	100	1.0
볶음	71	100	0.71
볶음밥	26	100	0.26
본격적	78	100	0.78
본래	100	100	1.0
본부	94	100	0.94
본사	79	100	0.79
본성	83	100	0.83
본인	85	100	0.85
본질	96	100	0.96
볼링	100	100	1.0
볼일	94	100	0.94
볼펜	100	100	1.0
봉사	87	100	0.87
봉지	91	100	0.91
봉투	99	100	0.99
부근	86	100	0.86
부끄러움	88	100	0.88
부담	97	100	0.97
부대	90	100	0.9
부동산	96	100	0.96
부모	81	100	0.81
부모님	100	100	1.0
부문	95	100	0.95
부부	91	100	0.91
부분	81	100	0.81
부분적	86	100	0.86
부산	94	100	0.94
부상	91	100	0.91
부서	78	100	0.78
부엌	100	100	1.0
부위	75	100	0.75
부인	81	100	0.81
부자	80	100	0.8
부작용	82	100	0.82
부잣집	100	100	1.0
부장	80	100	0.8
부재	76	100	0.76
부정	99	100	0.99
부정적	71	100	0.71
부족	100	100	1.0
부채	70	100	0.7
부처	80	100	0.8
부친	66	100	0.66
부탁	100	100	1.0
부품	100	100	1.0
부피	90	100	0.9
부회장	77	100	0.77
북부	92	100	0.92
북쪽	100	100	1.0
북한	84	100	0.84
분노	84	100	0.84
분량	100	100	1.0
분리	47	100	0.47
분석	100	100	1.0
분야	100	100	1.0
분위기	84	100	0.84
분필	91	100	0.91
분홍색	54	100	0.54
불고기	84	100	0.84
불교	93	100	0.93
불꽃	53	100	0.53
불만	85	100	0.85
불법	51	100	0.51
불빛	0	100	0.0
불안	80	100	0.8
불이익	100	100	1.0
불편	99	100	0.99
불평	96	100	0.96
불행	100	100	1.0
브랜드	100	100	1.0
블라우스	81	100	0.81
비교	98	100	0.98
비극	100	100	1.0
비난	100	100	1.0
비누	100	100	1.0
비닐	100	100	1.0
비닐봉지	90	100	0.9
비둘기	88	100	0.88
비디오	77	100	0.77
비만	89	100	0.89
비명	78	100	0.78
비밀	0	100	0.0
비바람	100	100	1.0
비빔밥	29	100	0.29
비상	90	100	0.9
비서	71	100	0.71
비용	75	100	0.75
비율	100	100	1.0
비중	89	100	0.89
비타민	84	100	0.84
비판	100	100	1.0
비판적	78	100	0.78
비행	100	100	1.0
비행기	83	100	0.83
비행장	74	100	0.74
빌딩	100	100	1.0
빗물	95	100	0.95
빗방울	100	100	1.0
빗줄기	82	100	0.82
빛깔	100	100	1.0
빨간색	49	100	0.49
빨래	100	100	1.0
뿌리	43	100	0.43
사건	96	100	0.96
사계절	96	100	0.96
사고	77	100	0.77
사과	100	100	1.0
사기	89	100	0.89
사나이	94	100	0.94
사냥	100	100	1.0
사람	100	100	1.0
사랑	100	100	1.0
사례	100	100	1.0
사립	100	100	1.0
사망	100	100	1.0
사모님	100	100	1.0
사무	65	100	0.65
사무소	92	100	0.92
사무실	84	100	0.84
사무직	100	100	1.0
사물	96	100	0.96
사방	92	100	0.92
사상	84	100	0.84
사생활	100	100	1.0
사설	76	100	0.76
사슴	100	100	1.0
사실	81	100	0.81
사업	100	100	1.0
사업가	73	100	0.73
사업자	84	100	0.84
사용	80	100	0.8
사용자	82	100	0.82
사원	77	100	0.77
사월	48	100	0.48
사위	77	100	0.77
사이	84	100	0.84
사이사이	91	100	0.91
사자	77	100	0.77
사장	84	100	0.84
사전	92	100	0.92
사정	98	100	0.98
사진	62	100	0.62
사진기	86	100	0.86
사촌	100	100	1.0
사춘기	86	100	0.86
사탕	100	100	1.0
사투리	48	100	0.48
사표	94	100	0.94
사회	100	100	1.0
사회생활	100	100	1.0
사회자	79	100	0.79
사회적	87	100	0.87
사회주의	96	100	0.96
사회학	86	100	0.86
사흘	100	100	1.0
산길	100	100	1.0
산부인과	99	100	0.99
산소	89	100	0.89
산속	98	100	0.98
산업	100	100	1.0
산책	98	100	0.98
살림	100	100	1.0
살인	83	100	0.83
삼계탕	100	100	1.0
삼국	95	100	0.95
삼월	48	100	0.48
삼촌	100	100	1.0
상관	70	100	0.7
상금	91	100	0.91
상담	97	100	0.97
상당	100	100	1.0
상당수	94	100	0.94
상대	93	100	0.93
상대방	97	100	0.97
상대성	86	100	0.86
상대적	78	100	0.78
상대편	99	100	0.99
상류	100	100	1.0
상반기	90	100	0.9
상상	83	100	0.83
상상력	100	100	1.0
상식	82	100	0.82
상업	100	100	1.0
상인	84	100	0.84
상자	85	100	0.85
상점	77	100	0.77
상징적	82	100	0.82
상처	80	100	0.8
상추	66	100	0.66
상태	100	100	1.0
상표	93	100	0.93
상품	100	100	1.0
상황	100	100	1.0
새끼	100	100	1.0
새벽	100	100	1.0
새소리	56	100	0.56
새우	90	100	0.9
새해	98	100	0.98
색깔	100	100	1.0
색연필	84	100	0.84
샌드위치	69	100	0.69
생각	94	100	0.94
생기	88	100	0.88
생명	76	100	0.76
생물	89	100	0.89
생방송	100	100	1.0
생산	93	100	0.93
생산력	100	100	1.0
생산자	85	100	0.85
생선	94	100	0.94
생신	94	100	0.94
생일	96	100	0.96
생활	100	100	1.0
생활비	87	100	0.87
생활수준	100	100	1.0
생활용품	100	100	1.0
생활환경	78	100	0.78
샤워	100	100	1.0
서구	81	100	0.81
서랍	100	100	1.0
서로	53	100	0.53
서류	100	100	1.0
서명	71	100	0.71
서민	79	100	0.79
서부	94	100	0.94
서비스	83	100	0.83
서양	82	100	0.82
서양인	84	100	0.84
서울	100	100	1.0
서울역	100	100	1.0
서적	74	100	0.74
서점	85	100	0.85
서쪽	100	100	1.0
서클	55	100	0.55
석사	78	100	0.78
석유	96	100	0.96
선거	80	100	0.8
선물	88	100	0.88
선배	82	100	0.82
선생	94	100	0.94
선생님	100	100	1.0
선수	91	100	0.91
선원	89	100	0.89
선장	76	100	0.76
선전	92	100	0.92
선진	78	100	0.78
선진국	94	100	0.94
선택	100	100	1.0
선풍기	86	100	0.86
설거지	89	100	0.89
설날	97	100	0.97
설렁탕	100	100	1.0
설명	74	100	0.74
설문	90	100	0.9
설악산	91	100	0.91
설치	58	100	0.58
설탕	100	100	1.0
섭씨	0	100	0.0
성격	100	100	1.0
성경	75	100	0.75
성공	90	100	0.9
성공적	76	100	0.76
성당	100	100	1.0
성명	77	100	0.77
성별	100	100	1.0
성인	87	100	0.87
성장	74	100	0.74
성적	75	100	0.75
성질	95	100	0.95
성함	100	100	1.0
세계	66	100	0.66
세계관	74	100	0.74
세계적	79	100	0.79
세금	89	100	0.89
세기	84	100	0.84
세대	79	100	0.79
세로	43	100	0.43
세미나	86	100	0.86
세상	86	100	0.86
세수	90	100	0.9
세월	45	100	0.45
세제	99	100	0.99
세종대왕	100	100	1.0
세탁	100	100	1.0
세탁기	87	100	0.87
세탁소	89	100	0.89
세트	0	100	0.0
센터	0	100	0.0
소개	98	100	0.98
소규모	82	100	0.82
소극적	78	100	0.78
소금	89	100	0.89
소나기	91	100	0.91
소나무	74	100	0.74
소녀	100	100	1.0
소년	100	100	1.0
소득	100	100	1.0
소리	50	100	0.5
소망	100	100	1.0
소매	62	100	0.62
소문	91	100	0.91
소비	86	100	0.86
소비자	85	100	0.85
소설	72	100	0.72
소설가	71	100	0.71
소속	97	100	0.97
소수	90	100	0.9
소스	90	100	0.9
소시지	91	100	0.91
소식	81	100	0.81
소아과	98	100	0.98
소용	84	100	0.84
소원	91	100	0.91
소유	93	100	0.93
소유자	83	100	0.83
소음	79	100	0.79
소재	78	100	0.78
소주	92	100	0.92
소지품	100	100	1.0
소질	99	100	0.99
소파	100	100	1.0
소포	91	100	0.91
소풍	90	100	0.9
소프트웨어	57	100	0.57
소형	96	100	0.96
소화	100	100	1.0
속담	96	100	0.96
속도	77	100	0.77
속마음	81	100	0.81
속옷	0	100	0.0
손가락	100	100	1.0
손길	100	100	1.0
손녀	100	100	1.0
손님	100	100	1.0
손등	86	100	0.86
손목	66	100	0.66
손바닥	100	100	1.0
손발	74	100	0.74
손뼉	100	100	1.0
손수건	98	100	0.98
손실	78	100	0.78
손자	82	100	0.82
손잡이	89	100	0.89
손질	95	100	0.95
손톱	100	100	1.0
손해	99	100	0.99
솜씨	0	100	0.0
송아지	89	100	0.89
송이	87	100	0.87
송편	99	100	0.99
쇠고기	85	100	0.85
쇼핑	100	100	1.0
수건	100	100	1.0
수고	81	100	0.81
수년	100	100	1.0
수단	90	100	0.9
수도	81	100	0.81
수도권	92	100	0.92
수도꼭지	85	100	0.85
수돗물	88	100	0.88
수동적	80	100	0.8
수면	94	100	0.94
수명	68	100	0.68
수박	100	100	1.0
수상	87	100	0.87
수석	100	100	1.0
수술	97	100	0.97
수업	100	100	1.0
수염	0	100	0.0
수영	78	100	0.78
수영장	83	100	0.83
수요	89	100	0.89
수요일	95	100	0.95
수입	80	100	0.8
수입품	100	100	1.0
수저	70	100	0.7
수준	100	100	1.0
수집	100	100	1.0
수출	98	100	0.98
수컷	100	100	1.0
수표	92	100	0.92
수필	89	100	0.89
수학	80	100	0.8
수험생	93	100	0.93
수화기	83	100	0.83
숙녀	100	100	1.0
숙소	95	100	0.95
숙제	100	100	1.0
순간	81	100	0.81
순간적	77	100	0.77
순서	82	100	0.82
순수	90	100	0.9
순식간	76	100	0.76
순위	73	100	0.73
숟가락	100	100	1.0
술병	100	100	1.0
술자리	53	100	0.53
술잔	69	100	0.69
술집	100	100	1.0
숫자	81	100	0.81
슈퍼마켓	100	100	1.0
스님	100	100	1.0
스스로	46	100	0.46
스승	93	100	0.93
스웨터	0	100	0.0
스위치	69	100	0.69
스케이트	0	100	0.0
스케줄	61	100	0.61
스키	100	100	1.0
스키장	76	100	0.76
스타	71	100	0.71
스타일	96	100	0.96
스튜디오	77	100	0.77
스트레스	83	100	0.83
스포츠	100	100	1.0
슬픔	100	100	1.0
습관	64	100	0.64
습기	85	100	0.85
승객	100	100	1.0
승리	44	100	0.44
승부	89	100	0.89
승용차	59	100	0.59
승진	72	100	0.72
시각	97	100	0.97
시간	69	100	0.69
시계	68	100	0.68
시골	98	100	0.98
시금치	74	100	0.74
시기	85	100	0.85
시나리오	71	100	0.71
시내	76	100	0.76
시내버스	91	100	0.91
시대	87	100	0.87
시대적	81	100	0.81
시댁	100	100	1.0
시도	84	100	0.84
시디	89	100	0.89
시디롬	100	100	1.0
시리즈	100	100	1.0
시멘트	0	100	0.0
시민	80	100	0.8
시부모	77	100	0.77
시선	89	100	0.89
시설	82	100	0.82
시스템	100	100	1.0
시아버지	94	100	0.94
시야	100	100	1.0
시어머니	100	100	1.0
시외	78	100	0.78
시외버스	82	100	0.82
시월	44	100	0.44
시위	84	100	0.84
시인	81	100	0.81
시일	97	100	0.97
시작	66	100	0.66
시장	79	100	0.79
시절	96	100	0.96
시점	83	100	0.83
시중	93	100	0.93
시즌	100	100	1.0
시집	100	100	1.0
시청	49	100	0.49
시청률	100	100	1.0
시청자	83	100	0.83
시합	49	100	0.49
시험	100	100	1.0
식구	87	100	0.87
식기	87	100	0.87
식당	100	100	1.0
식량	100	100	1.0
식료품	100	100	1.0
식물	93	100	0.93
식빵	100	100	1.0
식사	81	100	0.81
식생활	100	100	1.0
식욕	100	100	1.0
식용유	93	100	0.93
식초	75	100	0.75
식탁	100	100	1.0
식품	100	100	1.0
식품점	74	100	0.74
신경	70	100	0.7
신고	81	100	0.81
신규	73	100	0.73
신념	100	100	1.0
신라	70	100	0.7
신랑	100	100	1.0
신문	88	100	0.88
신문사	75	100	0.75
신문지	90	100	0.9
신발	70	100	0.7
신부	89	100	0.89
신분	88	100	0.88
신비	84	100	0.84
신사	78	100	0.78
신설	75	100	0.75
신세	98	100	0.98
신세대	86	100	0.86
신용	86	100	0.86
신인	81	100	0.81
신입생	96	100	0.96
신제품	100	100	1.0
신청	52	100	0.52
신청서	76	100	0.76
신체	78	100	0.78
신체적	74	100	0.74
신호	81	100	0.81
신호등	84	100	0.84
신혼부부	88	100	0.88
신혼여행	100	100	1.0
신화	96	100	0.96
실감	99	100	0.99
실내	80	100	0.8
실력	100	100	1.0
실례	100	100	1.0
실망	100	100	1.0
실수	92	100	0.92
실습	100	100	1.0
실시	86	100	0.86
실장	81	100	0.81
실정	98	100	0.98
실제	99	100	0.99
실질적	87	100	0.87
실천	100	100	1.0
실체	78	100	0.78
실태	99	100	0.99
실패	0	100	0.0
실험	100	100	1.0
실현	100	100	1.0
심리	51	100	0.51
심리적	76	100	0.76
심부름	100	100	1.0
심사	86	100	0.86
심장	72	100	0.72
심정	100	100	1.0
심판	100	100	1.0
십이월	52	100	0.52
십일월	46	100	0.46
싸구려	100	100	1.0
싸움	90	100	0.9
싼값	100	100	1.0
쌍둥이	84	100	0.84
쓰레기	85	100	0.85
쓰레기통	99	100	0.99
쓴맛	100	100	1.0
씨름	100	100	1.0
씨앗	100	100	1.0
아가씨	0	100	0.0
아기	92	100	0.92
아까	96	100	0.96
아나운서	87	100	0.87
아내	87	100	0.87
아드님	100	100	1.0
아들	100	100	1.0
아래	100	100	1.0
아래쪽	100	100	1.0
아래층	100	100	1.0
아랫사람	100	100	1.0
아르바이트	0	100	0.0
아무것	100	100	1.0
아버님	100	100	1.0
아버지	89	100	0.89
아빠	100	100	1.0
아쉬움	86	100	0.86
아스팔트	0	100	0.0
아시아	48	100	0.48
아이	85	100	0.85
아이디어	60	100	0.6
아이스크림	100	100	1.0
아저씨	0	100	0.0
아주머니	100	100	1.0
아줌마	62	100	0.62
아침	62	100	0.62
아파트	0	100	0.0
아프리카	76	100	0.76
아픔	100	100	1.0
악기	86	100	0.86
악몽	100	100	1.0
악수	85	100	0.85
안개	100	100	1.0
안경	71	100	0.71
안과	100	100	1.0
안내	85	100	0.85
안동	93	100	0.93
안방	92	100	0.92
안부	87	100	0.87
안전	92	100	0.92
안정	100	100	1.0
안주	95	100	0.95
안쪽	100	100	1.0
안팎	100	100	1.0
알루미늄	100	100	1.0
알코올	27	100	0.27
암시	80	100	0.8
암컷	100	100	1.0
압력	100	100	1.0
앞길	100	100	1.0
앞날	100	100	1.0
앞뒤	41	100	0.41
앞문	94	100	0.94
앞바다	84	100	0.84
앞쪽	100	100	1.0
애인	86	100	0.86
애정	100	100	1.0
애초	80	100	0.8
액세서리	46	100	0.46
액수	86	100	0.86
앨범	95	100	0.95
야간	79	100	0.79
야구	88	100	0.88
야구장	76	100	0.76
야단	90	100	0.9
야외	88	100	0.88
야채	63	100	0.63
약간	75	100	0.75
약국	93	100	0.93
약속	94	100	0.94
약수	90	100	0.9
약점	80	100	0.8
약품	100	100	1.0
약혼녀	100	100	1.0
약혼자	80	100	0.8
양국	93	100	0.93
양념	100	100	1.0
양력	100	100	1.0
양말	55	100	0.55
양배추	76	100	0.76
양보	89	100	0.89
양복	94	100	0.94
양상추	68	100	0.68
양식	88	100	0.88
양심	89	100	0.89
양옆	97	100	0.97
양주	91	100	0.91
양쪽	100	100	1.0
양파	100	100	1.0
얘기	88	100	0.88
어깨	100	100	1.0
어둠	100	100	1.0
어려움	93	100	0.93
어른	100	100	1.0
어린아이	88	100	0.88
어린애	99	100	0.99
어린이	82	100	0.82
어린이날	99	100	0.99
어머니	100	100	1.0
어머님	100	100	1.0
어저께	100	100	1.0
어제	99	100	0.99
어젯밤	59	100	0.59
언니	100	100	1.0
언덕	90	100	0.9
언론	100	100	1.0
언어	64	100	0.64
얼굴	100	100	1.0
얼마	61	100	0.61
얼마간	74	100	0.74
얼음	83	100	0.83
엄마	62	100	0.62
업무	69	100	0.69
업종	87	100	0.87
업체	76	100	0.76
엉덩이	90	100	0.9
엉망	100	100	1.0
엉터리	45	100	0.45
에너지	92	100	0.92
에어컨	0	100	0.0
엔진	69	100	0.69
엘리베이터	0	100	0.0
여가	79	100	0.79
여건	96	100	0.96
여고생	95	100	0.95
여관	79	100	0.79
여군	100	100	1.0
여권	96	100	0.96
여기저기	91	100	0.91
여대생	92	100	0.92
여동생	92	100	0.92
여럿	100	100	1.0
여론	100	100	1.0
여름	100	100	1.0
여름철	100	100	1.0
여성	78	100	0.78
여왕	100	100	1.0
여우	88	100	0.88
여유	91	100	0.91
여인	82	100	0.82
여자	91	100	0.91
여직원	89	100	0.89
여학생	93	100	0.93
여행	100	100	1.0
여행사	78	100	0.78
역사	79	100	0.79
역사가	74	100	0.74
역사상	87	100	0.87
역사적	83	100	0.83
역사학	79	100	0.79
역할	70	100	0.7
연간	87	100	0.87
연결	94	100	0.94
연관	68	100	0.68
연구	88	100	0.88
연구소	89	100	0.89
연구실	82	100	0.82
연구원	90	100	0.9
연구자	84	100	0.84
연극	100	100	1.0
연기	87	100	0.87
연기자	78	100	0.78
연두색	53	100	0.53
연락	100	100	1.0
연락처	73	100	0.73
연령	100	100	1.0
연말	59	100	0.59
연설	76	100	0.76
연세	94	100	0.94
연속	97	100	0.97
연습	100	100	1.0
연애	98	100	0.98
연예인	80	100	0.8
연인	81	100	0.81
연장	81	100	0.81
연주	94	100	0.94
연출	100	100	1.0
연필	86	100	0.86
연합	49	100	0.49
연휴	100	100	1.0
열기	85	100	0.85
열매	54	100	0.54
열쇠	100	100	1.0
열정	100	100	1.0
열차	67	100	0.67
열흘	100	100	1.0
염려	100	100	1.0
엽서	83	100	0.83
영국	95	100	0.95
영남	84	100	0.84
영상	90	100	0.9
영양	78	100	0.78
영어	65	100	0.65
영업	100	100	1.0
영역	100	100	1.0
영웅	100	100	1.0
영하	70	100	0.7
영향	100	100	1.0
영향력	100	100	1.0
영혼	100	100	1.0
영화	100	100	1.0
영화관	73	100	0.73
영화배우	92	100	0.92
영화제	100	100	1.0
옆구리	52	100	0.52
옆방	92	100	0.92
옆집	100	100	1.0
예감	100	100	1.0
예금	87	100	0.87
예방	93	100	0.93
예보	87	100	0.87
예비	86	100	0.86
예산	88	100	0.88
예상	88	100	0.88
예선	93	100	0.93
예술	94	100	0.94
예술가	80	100	0.8
예술적	81	100	0.81
예습	100	100	1.0
예식장	74	100	0.74
예약	87	100	0.87
예외	82	100	0.82
예의	93	100	0.93
예전	93	100	0.93
예절	91	100	0.91
예정	100	100	1.0
옛날	100	100	1.0
옛날이야기	83	100	0.83
오늘	100	100	1.0
오늘날	99	100	0.99
오락	100	100	1.0
오래간만	86	100	0.86
오래전	91	100	0.91
오랜만	87	100	0.87
오랫동안	81	100	0.81
오렌지	85	100	0.85
오른발	75	100	0.75
오른손	64	100	0.64
오른쪽	100	100	1.0
오리	53	100	0.53
오븐	100	100	1.0
오빠	100	100	1.0
오염	0	100	0.0
오월	45	100	0.45
오이	88	100	0.88
오전	89	100	0.89
오징어	58	100	0.58
오페라	81	100	0.81
오피스텔	100	100	1.0
오해	96	100	0.96
오후	89	100	0.89
옥상	83	100	0.83
옥수수	94	100	0.94
온도	76	100	0.76
온돌	100	100	1.0
온라인	86	100	0.86
온몸	81	100	0.81
온종일	97	100	0.97
올가을	100	100	1.0
올림픽	100	100	1.0
올여름	100	100	1.0
올해	95	100	0.95
옷차림	100	100	1.0
와이셔츠	100	100	1.0
와인	79	100	0.79
완성	85	100	0.85
완전	91	100	0.91
왕비	83	100	0.83
왕자	84	100	0.84
외갓집	100	100	1.0
외과	99	100	0.99
외교	94	100	0.94
외교관	71	100	0.71
외국	95	100	0.95
외국어	64	100	0.64
외국인	73	100	0.73
외로움	90	100	0.9
외모	79	100	0.79
외부	83	100	0.83
외삼촌	100	100	1.0
외아들	100	100	1.0
외제	100	100	1.0
외출	100	100	1.0
외침	65	100	0.65
외할머니	100	100	1.0
외할아버지	87	100	0.87
왼발	76	100	0.76
왼손	60	100	0.6
왼쪽	100	100	1.0
요구	86	100	0.86
요금	80	100	0.8
요리	50	100	0.5
요리사	80	100	0.8
요새	65	100	0.65
요일	91	100	0.91
요즈음	78	100	0.78
요즘	100	100	1.0
요청	54	100	0.54
욕실	66	100	0.66
욕심	83	100	0.83
용기	85	100	0.85
용도	86	100	0.86
용돈	100	100	1.0
용서	88	100	0.88
용어	67	100	0.67
우려	100	100	1.0
우리나라	81	100	0.81
우리말	63	100	0.63
우산	92	100	0.92
우승	94	100	0.94
우유	92	100	0.92
우정	99	100	0.99
우주	91	100	0.91
우체국	96	100	0.96
우편	99	100	0.99
우표	87	100	0.87
운동	90	100	0.9
운동복	93	100	0.93
운동장	74	100	0.74
운동화	100	100	1.0
운명	79	100	0.79
운반	88	100	0.88
운전	91	100	0.91
운전기사	72	100	0.72
운전사	74	100	0.74
운전자	81	100	0.81
운행	100	100	1.0
울산	96	100	0.96
울음	82	100	0.82
울음소리	48	100	0.48
움직임	100	100	1.0
웃어른	100	100	1.0
웃음	78	100	0.78
웃음소리	50	100	0.5
원고	83	100	0.83
원래	100	100	1.0
원서	77	100	0.77
원숭이	89	100	0.89
원인	85	100	0.85
원장	78	100	0.78
원피스	84	100	0.84
월급	100	100	1.0
월드컵	100	100	1.0
월세	98	100	0.98
월요일	97	100	0.97
웨이터	0	100	0.0
웬일	96	100	0.96
위기	82	100	0.82
위로	52	100	0.52
위반	89	100	0.89
위법	51	100	0.51
위성	84	100	0.84
위아래	100	100	1.0
위원	85	100	0.85
위원장	78	100	0.78
위주	95	100	0.95
위쪽	100	100	1.0
위층	100	100	1.0
위치	74	100	0.74
위험	100	100	1.0
위험성	82	100	0.82
위협	0	100	0.0
윗몸	79	100	0.79
윗사람	100	100	1.0
유교	96	100	0.96
유럽	100	100	1.0
유리	45	100	0.45
유리창	86	100	0.86
유머	78	100	0.78
유명	79	100	0.79
유물	89	100	0.89
유산	94	100	0.94
유월	43	100	0.43
유적	78	100	0.78
유적지	92	100	0.92
유치원	85	100	0.85
유학	84	100	0.84
유학생	85	100	0.85
유행	100	100	1.0
유형	85	100	0.85
육군	100	100	1.0
육상	81	100	0.81
육체	75	100	0.75
육체적	87	100	0.87
은행	100	100	1.0
은행나무	78	100	0.78
음력	100	100	1.0
음료	100	100	1.0
음료수	87	100	0.87
음반	87	100	0.87
음성	78	100	0.78
음식	80	100	0.8
음식물	90	100	0.9
음식점	77	100	0.77
음악	64	100	0.64
음악가	77	100	0.77
음주	96	100	0.96
의견	100	100	1.0
의논	73	100	0.73
의도	86	100	0.86
의도적	76	100	0.76
의류	100	100	1.0
의무	77	100	0.77
의문	93	100	0.93
의미	77	100	0.77
의복	93	100	0.93
의사	82	100	0.82
의식	81	100	0.81
의심	85	100	0.85
의욕	100	100	1.0
의원	82	100	0.82
의자	87	100	0.87
의지	88	100	0.88
의학	91	100	0.91
이것저것	100	100	1.0
이곳저곳	0	100	0.0
이날	100	100	1.0
이내	73	100	0.73
이념	100	100	1.0
이다음	81	100	0.81
이달	60	100	0.6
이데올로기	82	100	0.82
이동	89	100	0.89
이때	100	100	1.0
이력서	77	100	0.77
이론적	83	100	0.83
이름	100	100	1.0
이마	65	100	0.65
이모	76	100	0.76
이미지	91	100	0.91
이민	79	100	0.79
이발소	91	100	0.91
이번	97	100	0.97
이별	100	100	1.0
이불	87	100	0.87
이빨	49	100	0.49
이사	80	100	0.8
이사장	79	100	0.79
이상	90	100	0.9
이상적	74	100	0.74
이성	80	100	0.8
이슬	0	100	0.0
이야기	83	100	0.83
이외	79	100	0.79
이용	80	100	0.8
이용자	80	100	0.8
이웃	62	100	0.62
이웃집	100	100	1.0
이월	53	100	0.53
이유	96	100	0.96
이익	100	100	1.0
이자	80	100	0.8
이전	94	100	0.94
이제	100	100	1.0
이중	87	100	0.87
이튿날	98	100	0.98
이틀	100	100	1.0
이하	73	100	0.73
이해	96	100	0.96
이해관계	69	100	0.69
이혼	100	100	1.0
이후	81	100	0.81
인간	80	100	0.8
인간관계	65	100	0.65
인간성	87	100	0.87
인간적	78	100	0.78
인격	100	100	1.0
인공	95	100	0.95
인구	82	100	0.82
인근	95	100	0.95
인기	84	100	0.84
인도	84	100	0.84
인류	100	100	1.0
인물	95	100	0.95
인사	72	100	0.72
인사말	64	100	0.64
인삼	49	100	0.49
인삼차	61	100	0.61
인상	84	100	0.84
인상적	85	100	0.85
인생	93	100	0.93
인쇄	100	100	1.0
인연	91	100	0.91
인원	81	100	0.81
인재	72	100	0.72
인제	99	100	0.99
인종	79	100	0.79
인천	96	100	0.96
인천공항	100	100	1.0
인체	70	100	0.7
인터넷	100	100	1.0
인터뷰	100	100	1.0
인하	79	100	0.79
인형	86	100	0.86
일기	84	100	0.84
일등	78	100	0.78
일반	92	100	0.92
일반인	88	100	0.88
일반적	78	100	0.78
일본	80	100	0.8
일본어	61	100	0.61
일부	84	100	0.84
일상	89	100	0.89
일상생활	100	100	1.0
일상적	85	100	0.85
일생	92	100	0.92
일손	64	100	0.64
일시적	81	100	0.81
일식	83	100	0.83
일쑤	100	100	1.0
일요일	97	100	0.97
일월	48	100	0.48
일자	92	100	0.92
일자리	62	100	0.62
일정	100	100	1.0
일종	76	100	0.76
일주일	98	100	0.98
일체	68	100	0.68
일치	72	100	0.72
일행	100	100	1.0
일회용	74	100	0.74
일회용품	100	100	1.0
임금	90	100	0.9
임무	77	100	0.77
임시	78	100	0.78
임신	91	100	0.91
임신부	86	100	0.86
입구	87	100	0.87
입국	95	100	0.95
입대	84	100	0.84
입력	100	100	1.0
입맛	100	100	1.0
입사	79	100	0.79
입술	93	100	0.93
입시	76	100	0.76
입원	80	100	0.8
입장	79	100	0.79
입학	84	100	0.84
자가용	80	100	0.8
자격	100	100	1.0
자격증	98	100	0.98
자극	100	100	1.0
자기	85	100	0.85
자녀	100	100	1.0
자동	92	100	0.92
자동차	56	100	0.56
자랑	100	100	1.0
자료	100	100	1.0
자리	49	100	0.49
자매	60	100	0.6
자부심	77	100	0.77
자살	52	100	0.52
자세	99	100	0.99
자식	84	100	0.84
자신	89	100	0.89
자신감	99	100	0.99
자연	92	100	0.92
자연적	83	100	0.83
자연현상	83	100	0.83
자연환경	67	100	0.67
자원	87	100	0.87
자유	95	100	0.95
자율	100	100	1.0
자장면	95	100	0.95
자전거	83	100	0.83
자정	100	100	1.0
자존심	80	100	0.8
자체	77	100	0.77
자취	96	100	0.96
자판	100	100	1.0
자판기	82	100	0.82
작가	81	100	0.81
작년	100	100	1.0
작성	81	100	0.81
작업	100	100	1.0
작용	80	100	0.8
작은딸	100	100	1.0
작은아들	100	100	1.0
작은아버지	93	100	0.93
작은어머니	100	100	1.0
작품	100	100	1.0
잔디	97	100	0.97
잔디밭	100	100	1.0
잔치	81	100	0.81
잘못	100	100	1.0
잠깐	100	100	1.0
잠바	59	100	0.59
잠수함	100	100	1.0
잠시	76	100	0.76
잠옷	0	100	0.0
잠자리	52	100	0.52
잡지	89	100	0.89
장가	76	100	0.76
장갑	100	100	1.0
장관	74	100	0.74
장군	100	100	1.0
장기간	88	100	0.88
장기적	79	100	0.79
장난	100	100	1.0
장난감	99	100	0.99
장남	83	100	0.83
장래	100	100	1.0
장례	100	100	1.0
장례식	78	100	0.78
장르	100	100	1.0
장마	65	100	0.65
장면	94	100	0.94
장모	82	100	0.82
장모님	100	100	1.0
장미	77	100	0.77
장비	77	100	0.77
장사	85	100	0.85
장사꾼	100	100	1.0
장소	90	100	0.9
장수	88	100	0.88
장식	83	100	0.83
장애인	78	100	0.78
장인	87	100	0.87
장점	80	100	0.8
장학금	89	100	0.89
재능	45	100	0.45
재료	100	100	1.0
재미	86	100	0.86
재산	94	100	0.94
재생	96	100	0.96
재수	92	100	0.92
재작년	100	100	1.0
재정	98	100	0.98
재주	98	100	0.98
재즈	100	100	1.0
재채기	79	100	0.79
재판	100	100	1.0
재학	81	100	0.81
재활용	79	100	0.79
재활용품	100	100	1.0
저고리	53	100	0.53
저녁	100	100	1.0
저녁때	100	100	1.0
저번	94	100	0.94
저울	100	100	1.0
저자	85	100	0.85
저축	100	100	1.0
적극	100	100	1.0
적극적	73	100	0.73
적성	86	100	0.86
적용	80	100	0.8
적응	100	100	1.0
전개	100	100	1.0
전공	96	100	0.96
전구	78	100	0.78
전국	97	100	0.97
전국적	79	100	0.79
전기	82	100	0.82
전기밥솥	100	100	1.0
전날	98	100	0.98
전달	54	100	0.54
전라도	88	100	0.88
전망	100	100	1.0
전문	89	100	0.89
전문가	74	100	0.74
전문적	78	100	0.78
전문점	84	100	0.84
전문직	98	100	0.98
전반	94	100	0.94
전반적	79	100	0.79
전부	88	100	0.88
전선	92	100	0.92
전설	74	100	0.74
전세	98	100	0.98
전시	84	100	0.84
전시장	78	100	0.78
전시회	99	100	0.99
전용	76	100	0.76
전자	88	100	0.88
전쟁	100	100	1.0
전주	83	100	0.83
전철	100	100	1.0
전체	79	100	0.79
전체적	76	100	0.76
전통	95	100	0.95
전통문화	100	100	1.0
전통적	80	100	0.8
전화	100	100	1.0
전화기	85	100	0.85
전화번호	80	100	0.8
전환	67	100	0.67
전후	80	100	0.8
절대	90	100	0.9
절대적	78	100	0.78
절망	100	100	1.0
절반	90	100	0.9
절약	84	100	0.84
절차	61	100	0.61
젊은이	87	100	0.87
젊음	74	100	0.74
점검	100	100	1.0
점수	91	100	0.91
점심	82	100	0.82
점심때	100	100	1.0
점심시간	82	100	0.82
점원	89	100	0.89
접근	94	100	0.94
접시	81	100	0.81
접촉	100	100	1.0
젓가락	100	100	1.0
정거장	80	100	0.8
정기	81	100	0.81
정기적	80	100	0.8
정답	100	100	1.0
정당	100	100	1.0
정도	79	100	0.79
정류장	83	100	0.83
정리	54	100	0.54
정말	60	100	0.6
정면	97	100	0.97
정문	93	100	0.93
정반대	84	100	0.84
정보	82	100	0.82
정보화	99	100	0.99
정부	92	100	0.92
정비	91	100	0.91
정상	79	100	0.79
정상적	84	100	0.84
정성	81	100	0.81
정식	83	100	0.83
정신	92	100	0.92
정신과	99	100	0.99
정신적	77	100	0.77
정오	76	100	0.76
정원	83	100	0.83
정장	77	100	0.77
정지	92	100	0.92
정치	73	100	0.73
정치권	97	100	0.97
정치인	82	100	0.82
정치적	82	100	0.82
정치학	79	100	0.79
제공	90	100	0.9
제과점	72	100	0.72
제도적	75	100	0.75
제목	70	100	0.7
제비	88	100	0.88
제사	83	100	0.83
제삿날	99	100	0.99
제시	86	100	0.86
제안	85	100	0.85
제약	87	100	0.87
제의	85	100	0.85
제일	94	100	0.94
제자	82	100	0.82
제자리	51	100	0.51
제작	69	100	0.69
제주도	81	100	0.81
제출	100	100	1.0
제품	100	100	1.0
제한	85	100	0.85
조각	94	100	0.94
조개	97	100	0.97
조건	93	100	0.93
조금	85	100	0.85
조기	91	100	0.91
조깅	100	100	1.0
조명	77	100	0.77
조미료	100	100	1.0
조사	82	100	0.82
조상	88	100	0.88
조선	87	100	0.87
조절	96	100	0.96
조정	98	100	0.98
조직	100	100	1.0
조카	71	100	0.71
존댓말	63	100	0.63
존재	82	100	0.82
졸업	100	100	1.0
졸업생	89	100	0.89
졸음	85	100	0.85
종교	94	100	0.94
종교적	79	100	0.79
종로	48	100	0.48
종류	100	100	1.0
종소리	51	100	0.51
종업원	86	100	0.86
종이	84	100	0.84
종이컵	100	100	1.0
종일	91	100	0.91
종합	51	100	0.51
좌석	100	100	1.0
좌우	88	100	0.88
죄인	84	100	0.84
주거	87	100	0.87
주관적	78	100	0.78
주름	100	100	1.0
주름살	52	100	0.52
주말	60	100	0.6
주머니	100	100	1.0
주먹	100	100	1.0
주문	88	100	0.88
주민	85	100	0.85
주방	91	100	0.91
주변	100	100	1.0
주부	93	100	0.93
주사	79	100	0.79
주소	89	100	0.89
주스	75	100	0.75
주식	80	100	0.8
주요	87	100	0.87
주위	74	100	0.74
주의	91	100	0.91
주인	79	100	0.79
주인공	91	100	0.91
주장	74	100	0.74
주전자	82	100	0.82
주제	100	100	1.0
주차	62	100	0.62
주차장	81	100	0.81
주택	100	100	1.0
주한	78	100	0.78
죽음	83	100	0.83
준비	88	100	0.88
준비물	89	100	0.89
줄거리	44	100	0.44
줄기	91	100	0.91
줄무늬	100	100	1.0
중간	82	100	0.82
중계방송	97	100	0.97
중국	93	100	0.93
중국어	51	100	0.51
중국집	100	100	1.0
중년	100	100	1.0
중단	90	100	0.9
중독	80	100	0.8
중반	92	100	0.92
중부	92	100	0.92
중세	100	100	1.0
중소기업	100	100	1.0
중순	100	100	1.0
중식	78	100	0.78
중심	82	100	0.82
중심지	87	100	0.87
중앙	100	100	1.0
중요	86	100	0.86
중요성	81	100	0.81
중학교	92	100	0.92
중학생	93	100	0.93
즉석	100	100	1.0
즉시	85	100	0.85
즐거움	90	100	0.9
증가	69	100	0.69
증거	84	100	0.84
증권	96	100	0.96
증권사	74	100	0.74
증상	80	100	0.8
증세	98	100	0.98
지각	97	100	0.97
지갑	100	100	1.0
지구	91	100	0.91
지금	84	100	0.84
지급	100	100	1.0
지난날	99	100	0.99
지난달	56	100	0.56
지난번	98	100	0.98
지난주	93	100	0.93
지난해	96	100	0.96
지능	44	100	0.44
지대	88	100	0.88
지도	83	100	0.83
지도자	87	100	0.87
지름길	100	100	1.0
지리산	88	100	0.88
지방	88	100	0.88
지붕	100	100	1.0
지속적	74	100	0.74
지시	85	100	0.85
지식	81	100	0.81
지식인	83	100	0.83
지역	100	100	1.0
지우개	98	100	0.98
지원	86	100	0.86
지위	71	100	0.71
지적	77	100	0.77
지점	74	100	0.74
지지	86	100	0.86
지진	70	100	0.7
지출	100	100	1.0
지폐	100	100	1.0
지하	71	100	0.71
지하도	82	100	0.82
지하철	100	100	1.0
지혜	88	100	0.88
직선	91	100	0.91
직업	100	100	1.0
직원	90	100	0.9
직장	78	100	0.78
직장인	88	100	0.88
직전	94	100	0.94
직접	69	100	0.69
직접적	73	100	0.73
직후	82	100	0.82
진급	100	100	1.0
진단	94	100	0.94
진달래	100	100	1.0
진동	87	100	0.87
진로	42	100	0.42
진료	100	100	1.0
진리	46	100	0.46
진실	75	100	0.75
진심	78	100	0.78
진짜	96	100	0.96
진찰	100	100	1.0
진출	100	100	1.0
진통	98	100	0.98
진행	100	100	1.0
진행자	78	100	0.78
질문	92	100	0.92
질병	100	100	1.0
질서	82	100	0.82
질적	74	100	0.74
짐작	69	100	0.69
집단	90	100	0.9
집단적	83	100	0.83
집안	79	100	0.79
집안일	96	100	0.96
집중	85	100	0.85
집중적	80	100	0.8
짜증	94	100	0.94
찌개	100	100	1.0
찌꺼기	90	100	0.9
차남	85	100	0.85
차량	100	100	1.0
차례	100	100	1.0
차림	100	100	1.0
차별	100	100	1.0
차선	92	100	0.92
차이	91	100	0.91
차이점	83	100	0.83
차창	88	100	0.88
착각	96	100	0.96
찬물	91	100	0.91
찬성	77	100	0.77
참가	73	100	0.73
참기름	100	100	1.0
참새	69	100	0.69
참석	100	100	1.0
참석자	77	100	0.77
참여	76	100	0.76
참외	83	100	0.83
참조	84	100	0.84
찻잔	69	100	0.69
창가	79	100	0.79
창고	81	100	0.81
창구	80	100	0.8
창문	90	100	0.9
창밖	100	100	1.0
창작	68	100	0.68
창조	81	100	0.81
창조적	76	100	0.76
채널	100	100	1.0
채소	88	100	0.88
채점	77	100	0.77
책가방	89	100	0.89
책방	94	100	0.94
책상	92	100	0.92
책임	100	100	1.0
책임감	99	100	0.99
책임자	91	100	0.91
챔피언	46	100	0.46
처녀	100	100	1.0
처리	44	100	0.44
처벌	100	100	1.0
처음	81	100	0.81
처지	90	100	0.9
천국	89	100	0.89
천둥	100	100	1.0
천장	74	100	0.74
천재	72	100	0.72
철도	83	100	0.83
철학	83	100	0.83
철학자	80	100	0.8
철학적	82	100	0.82
첫날	99	100	0.99
청년	100	100	1.0
청바지	92	100	0.92
청소	91	100	0.91
청소기	82	100	0.82
청소년	100	100	1.0
청춘	100	100	1.0
체계적	81	100	0.81
체력	100	100	1.0
체온	97	100	0.97
체육	96	100	0.96
체육관	70	100	0.7
체조	80	100	0.8
체중	92	100	0.92
체험	100	100	1.0
초기	85	100	0.85
초대	89	100	0.89
초등학교	96	100	0.96
초등학생	94	100	0.94
초록색	49	100	0.49
초반	85	100	0.85
초밥	32	100	0.32
초보	88	100	0.88
초보자	83	100	0.83
초상화	100	100	1.0
초순	100	100	1.0
초여름	100	100	1.0
초원	85	100	0.85
초저녁	100	100	1.0
초점	74	100	0.74
초청	49	100	0.49
초청장	73	100	0.73
초콜릿	100	100	1.0
촛불	90	100	0.9
총각	98	100	0.98
총리	50	100	0.5
총장	73	100	0.73
촬영	89	100	0.89
최고	73	100	0.73
최고급	100	100	1.0
최근	92	100	0.92
최대	85	100	0.85
최대한	77	100	0.77
최상	80	100	0.8
최선	96	100	0.96
최소	93	100	0.93
최소한	74	100	0.74
최신	93	100	0.93
최악	56	100	0.56
최저	70	100	0.7
최종	86	100	0.86
최초	83	100	0.83
최후	83	100	0.83
추가	74	100	0.74
추석	100	100	1.0
추억	100	100	1.0
추위	71	100	0.71
추진	78	100	0.78
추천	98	100	0.98
추측	100	100	1.0
축구	84	100	0.84
축구공	92	100	0.92
축구장	64	100	0.64
축소	97	100	0.97
축제	100	100	1.0
축하	64	100	0.64
출구	89	100	0.89
출국	94	100	0.94
출근	94	100	0.94
출발	80	100	0.8
출발점	72	100	0.72
출산	85	100	0.85
출신	91	100	0.91
출연	89	100	0.89
출입	83	100	0.83
출입국	90	100	0.9
출입문	92	100	0.92
출장	80	100	0.8
출퇴근	89	100	0.89
출판	100	100	1.0
출판사	78	100	0.78
충격	100	100	1.0
충격적	80	100	0.8
충고	76	100	0.76
충돌	100	100	1.0
충청도	84	100	0.84
취미	77	100	0.77
취소	88	100	0.88
취업	100	100	1.0
취재	76	100	0.76
취직	98	100	0.98
취향	100	100	1.0
치과	98	100	0.98
치료	100	100	1.0
치료법	55	100	0.55
치마	69	100	0.69
치아	52	100	0.52
치약	88	100	0.88
치즈	100	100	1.0
친구	82	100	0.82
친절	92	100	0.92
친정	100	100	1.0
친척	100	100	1.0
칠월	43	100	0.43
칠판	100	100	1.0
침대	89	100	0.89
침묵	100	100	1.0
침실	78	100	0.78
칫솔	100	100	1.0
칭찬	100	100	1.0
카드	100	100	1.0
카레	47	100	0.47
카메라	78	100	0.78
카운터	0	100	0.0
카페	100	100	1.0
칼국수	88	100	0.88
캐나다	87	100	0.87
캐릭터	0	100	0.0
캠퍼스	88	100	0.88
캠페인	83	100	0.83
커튼	100	100	1.0
커피	88	100	0.88
컨디션	100	100	1.0
컬러	100	100	1.0
컴퓨터	0	100	0.0
케첩	100	100	1.0
코끝	100	100	1.0
코끼리	44	100	0.44
코너	100	100	1.0
코드	100	100	1.0
코미디	84	100	0.84
코스	90	100	0.9
코스모스	80	100	0.8
코치	68	100	0.68
코트	0	100	0.0
코피	89	100	0.89
콘서트	0	100	0.0
콜라	79	100	0.79
콤플렉스	79	100	0.79
콩나물	93	100	0.93
쾌감	100	100	1.0
쿠데타	69	100	0.69
크기	83	100	0.83
크리스마스	86	100	0.86
크림	100	100	1.0
큰길	100	100	1.0
큰딸	100	100	1.0
큰소리	51	100	0.51
큰아들	100	100	1.0
큰아버지	91	100	0.91
큰어머니	100	100	1.0
큰일	96	100	0.96
큰절	95	100	0.95
클래식	86	100	0.86
클럽	100	100	1.0
키스	87	100	0.87
타락	100	100	1.0
타입	85	100	0.85
타자기	88	100	0.88
탁구	85	100	0.85
탁자	81	100	0.81
탄생	93	100	0.93
태권도	82	100	0.82
태도	81	100	0.81
태아	59	100	0.59
태양	79	100	0.79
태풍	86	100	0.86
택시	79	100	0.79
탤런트	0	100	0.0
터널	100	100	1.0
터미널	100	100	1.0
테니스	83	100	0.83
테러	100	100	1.0
테스트	0	100	0.0
테이블	100	100	1.0
테이프	75	100	0.75
텍스트	0	100	0.0
텔레비전	92	100	0.92
토끼	100	100	1.0
토대	90	100	0.9
토론	100	100	1.0
토론자	79	100	0.79
토론회	99	100	0.99
토마토	56	100	0.56
토요일	96	100	0.96
통계	65	100	0.65
통과	100	100	1.0
통로	47	100	0.47
통신	90	100	0.9
통역	100	100	1.0
통일	94	100	0.94
통장	83	100	0.83
통제	100	100	1.0
통증	96	100	0.96
통합	54	100	0.54
통화	98	100	0.98
퇴근	93	100	0.93
퇴원	86	100	0.86
퇴직금	84	100	0.84
투자	79	100	0.79
투표	96	100	0.96
튀김	97	100	0.97
트럭	100	100	1.0
특급	100	100	1.0
특별	100	100	1.0
특성	79	100	0.79
특수	94	100	0.94
특수성	83	100	0.83
특징	100	100	1.0
티브이	83	100	0.83
티셔츠	100	100	1.0
파도	81	100	0.81
파란색	48	100	0.48
파리	54	100	0.54
파일	97	100	0.97
파출소	91	100	0.91
파티	49	100	0.49
판결	86	100	0.86
판단	92	100	0.92
판매	67	100	0.67
판사	79	100	0.79
팔월	45	100	0.45
팝송	96	100	0.96
패션	100	100	1.0
팩스	93	100	0.93
팩시밀리	43	100	0.43
팬티	47	100	0.47
페인트	0	100	0.0
편견	100	100	1.0
편의	92	100	0.92
편의점	76	100	0.76
편지	88	100	0.88
평가	80	100	0.8
평균	100	100	1.0
평상시	84	100	0.84
평생	91	100	0.91
평소	92	100	0.92
평양	75	100	0.75
평일	93	100	0.93
평화	99	100	0.99
폐지	86	100	0.86
포도	91	100	0.91
포도주	89	100	0.89
포스터	0	100	0.0
포인트	0	100	0.0
포장	70	100	0.7
포장마차	61	100	0.61
포크	69	100	0.69
포함	100	100	1.0
폭력	100	100	1.0
표면	97	100	0.97
표시	86	100	0.86
표정	100	100	1.0
표준	100	100	1.0
표현	100	100	1.0
품목	63	100	0.63
품질	95	100	0.95
풍경	78	100	0.78
풍속	99	100	0.99
풍습	100	100	1.0
프랑스	82	100	0.82
프로	49	100	0.49
프로그램	100	100	1.0
프린터	0	100	0.0
플라스틱	100	100	1.0
피곤	100	100	1.0
피디	84	100	0.84
피로	56	100	0.56
피망	100	100	1.0
피부	94	100	0.94
피시	87	100	0.87
피아노	87	100	0.87
피자	80	100	0.8
피해	95	100	0.95
피해자	79	100	0.79
필름	100	100	1.0
필수	97	100	0.97
필수적	78	100	0.78
필연적	79	100	0.79
필요	93	100	0.93
필요성	72	100	0.72
필자	80	100	0.8
필통	99	100	0.99
핑계	76	100	0.76
하나	87	100	0.87
하나님	100	100	1.0
하나하나	83	100	0.83
하느님	100	100	1.0
하늘	100	100	1.0
하드웨어	53	100	0.53
하루	100	100	1.0
하룻밤	63	100	0.63
하반기	86	100	0.86
하숙집	100	100	1.0
하순	100	100	1.0
하얀색	48	100	0.48
하천	97	100	0.97
하품	100	100	1.0
학과	100	100	1.0
학교	95	100	0.95
학교생활	100	100	1.0
학급	100	100	1.0
학기	87	100	0.87
학년	100	100	1.0
학력	100	100	1.0
학번	96	100	0.96
학부모	83	100	0.83
학비	87	100	0.87
학생	88	100	0.88
학생증	98	100	0.98
학술	91	100	0.91
학습	100	100	1.0
학용품	100	100	1.0
학원	89	100	0.89
학위	78	100	0.78
학자	85	100	0.85
학점	74	100	0.74
한가운데	100	100	1.0
한강	82	100	0.82
한겨울	100	100	1.0
한계	68	100	0.68
한구석	100	100	1.0
한국	95	100	0.95
한국말	67	100	0.67
한국어	59	100	0.59
한국적	79	100	0.79
한글	100	100	1.0
한글날	100	100	1.0
한낮	100	100	1.0
한눈	87	100	0.87
한동안	81	100	0.81
한때	100	100	1.0
한라산	94	100	0.94
한마디	95	100	0.95
한문	89	100	0.89
한반도	78	100	0.78
한밤중	90	100	0.9
한번	98	100	0.98
한복	93	100	0.93
한순간	79	100	0.79
한숨	100	100	1.0
한식	85	100	0.85
한여름	100	100	1.0
한자	82	100	0.82
한잔	71	100	0.71
한쪽	100	100	1.0
한참	90	100	0.9
한편	99	100	0.99
한평생	91	100	0.91
할머니	100	100	1.0
할아버지	88	100	0.88
할인	78	100	0.78
합격	100	100	1.0
합리적	79	100	0.79
항공	95	100	0.95
항공기	91	100	0.91
항구	90	100	0.9
항의	91	100	0.91
해결	91	100	0.91
해군	100	100	1.0
해답	100	100	1.0
해당	100	100	1.0
해물	93	100	0.93
해석	100	100	1.0
해설	73	100	0.73
해소	90	100	0.9
해수욕장	78	100	0.78
해안	88	100	0.88
해외	75	100	0.75
해외여행	100	100	1.0
핵심	83	100	0.83
핸드백	100	100	1.0
핸드폰	100	100	1.0
햄버거	87	100	0.87
햇볕	100	100	1.0
햇빛	0	100	0.0
햇살	51	100	0.51
행동	87	100	0.87
행복	94	100	0.94
행사	82	100	0.82
행운	99	100	0.99
행위	66	100	0.66
향기	83	100	0.83
향상	83	100	0.83
향수	91	100	0.91
허가	71	100	0.71
허락	100	100	1.0
허리	46	100	0.46
허용	80	100	0.8
헬기	85	100	0.85
현관	71	100	0.71
현관문	89	100	0.89
현금	84	100	0.84
현대	84	100	0.84
현대인	85	100	0.85
현대적	86	100	0.86
현상	87	100	0.87
현실	79	100	0.79
현실적	79	100	0.79
현장	71	100	0.71
현재	70	100	0.7
현지	91	100	0.91
혈액	100	100	1.0
협력	100	100	1.0
형님	100	100	1.0
형부	85	100	0.85
형사	74	100	0.74
형성	78	100	0.78
형수	87	100	0.87
형식	84	100	0.84
형식적	74	100	0.74
형제	100	100	1.0
형태	100	100	1.0
형편	98	100	0.98
혜택	100	100	1.0
호기심	86	100	0.86
호남	83	100	0.83
호랑이	91	100	0.91
호박	100	100	1.0
호수	88	100	0.88
호실	79	100	0.79
호주	97	100	0.97
호주머니	100	100	1.0
호텔	100	100	1.0
호흡	100	100	1.0
혼자	78	100	0.78
혼잣말	63	100	0.63
홈페이지	84	100	0.84
홍보	85	100	0.85
홍수	91	100	0.91
홍차	63	100	0.63
화가	76	100	0.76
화면	98	100	0.98
화분	83	100	0.83
화살	47	100	0.47
화요일	94	100	0.94
화장	74	100	0.74
화장실	83	100	0.83
화장지	89	100	0.89
화장품	100	100	1.0
화재	76	100	0.76
화제	99	100	0.99
화학	81	100	0.81
확보	87	100	0.87
확신	93	100	0.93
확인	77	100	0.77
확장	83	100	0.83
확정	100	100	1.0
환갑	100	100	1.0
환경	71	100	0.71
환경오염	0	100	0.0
환영	79	100	0.79
환율	100	100	1.0
환자	80	100	0.8
활기	87	100	0.87
활동	88	100	0.88
활용	83	100	0.83
회견	100	100	1.0
회관	76	100	0.76
회복	93	100	0.93
회사	78	100	0.78
회색	50	100	0.5
회원	91	100	0.91
회의	89	100	0.89
회장	74	100	0.74
회전	95	100	0.95
회화	98	100	0.98
횟수	93	100	0.93
횡단보도	78	100	0.78
효과	100	100	1.0
효과적	81	100	0.81
효도	79	100	0.79
효율적	80	100	0.8
효자	81	100	0.81
후기	88	100	0.88
후반	88	100	0.88
후배	81	100	0.81
후보	77	100	0.77
후춧가루	100	100	1.0
후회	97	100	0.97
훈련	100	100	1.0
휴가	72	100	0.72
휴식	87	100	0.87
휴일	91	100	0.91
휴지	89	100	0.89
휴지통	98	100	0.98
흉내	77	100	0.77
흐름	100	100	1.0
흑백	100	100	1.0
흑인	85	100	0.85
흔적	78	100	0.78
흥미	73	100	0.73
흥분	85	100	0.85
희곡	100	100	1.0
희망	100	100	1.0
희생	87	100	0.87
흰색	47	100	0.47
