사용단어	가중치	사용횟수	단어승률
가게	10	10	1.0
가격	10	10	1.0
가구	8	10	0.8
가까이	8	10	0.8
가난	10	10	1.0
가능	3	10	0.3
가능성	9	10	0.9
가로	4	10	0.4
가로등	9	10	0.9
가로수	9	10	0.9
가루	10	10	1.0
가르침	3	10	0.3
가뭄	10	10	1.0
가방	10	10	1.0
가사	7	10	0.7
가상	9	10	0.9
가수	9	10	0.9
가스	9	10	0.9
가슴	10	10	1.0
가슴속	10	10	1.0
가요	9	10	0.9
가운데	10	10	1.0
가위	6	10	0.6
가을	10	10	1.0
가이드	10	10	1.0
가입	7	10	0.7
가입자	8	10	0.8
가장	9	10	0.9
가정	10	10	1.0
가정교사	9	10	0.9
가족	10	10	1.0
가죽	10	10	1.0
가지	9	10	0.9
가짜	10	10	1.0
가치	7	10	0.7
가치관	4	10	0.4
가톨릭	10	10	1.0
각각	10	10	1.0
각국	9	10	0.9
각오	8	10	0.8
각자	9	10	0.9
각종	9	10	0.9
간격	10	10	1.0
간부	9	10	0.9
간섭	10	10	1.0
간식	10	10	1.0
간장	6	10	0.6
간접	8	10	0.8
간접적	10	10	1.0
간판	10	10	1.0
간호	6	10	0.6
간호사	9	10	0.9
갈등	10	10	1.0
갈비	8	10	0.8
갈비탕	10	10	1.0
갈색	4	10	0.4
갈증	10	10	1.0
감각	10	10	1.0
감기	6	10	0.6
감독	7	10	0.7
감동	10	10	1.0
감동적	8	10	0.8
감사	7	10	0.7
감상	8	10	0.8
감소	9	10	0.9
감수성	8	10	0.8
감옥	10	10	1.0
감자	8	10	0.8
감정	10	10	1.0
감정적	8	10	0.8
강남	9	10	0.9
강당	10	10	1.0
강도	8	10	0.8
강물	9	10	0.9
강변	10	10	1.0
강북	6	10	0.6
강사	7	10	0.7
강수량	10	10	1.0
강아지	10	10	1.0
강원도	9	10	0.9
강의	8	10	0.8
강제	10	10	1.0
강조	8	10	0.8
갖가지	7	10	0.7
개개인	6	10	0.6
개구리	4	10	0.4
개나리	3	10	0.3
개미	4	10	0.4
개방	10	10	1.0
개별	10	10	1.0
개선	9	10	0.9
개성	8	10	0.8
개인	9	10	0.9
개인적	7	10	0.7
객관적	9	10	0.9
거리	4	10	0.4
거실	9	10	0.9
거액	10	10	1.0
거울	10	10	1.0
거짓	10	10	1.0
거짓말	8	10	0.8
거품	10	10	1.0
걱정	10	10	1.0
건강	10	10	1.0
건너	10	10	1.0
건너편	10	10	1.0
건넌방	9	10	0.9
건물	10	10	1.0
건설	5	10	0.5
건조	7	10	0.7
건축	10	10	1.0
걷기	9	10	0.9
걸음	10	10	1.0
검사	7	10	0.7
검은색	4	10	0.4
검정색	7	10	0.7
검토	6	10	0.6
게시판	10	10	1.0
게임	10	10	1.0
겨울	10	10	1.0
겨울철	10	10	1.0
겨자	8	10	0.8
견해	10	10	1.0
결과	10	10	1.0
결과적	7	10	0.7
결국	10	10	1.0
결론	10	10	1.0
결석	10	10	1.0
결승	10	10	1.0
결심	8	10	0.8
결정	10	10	1.0
결혼	10	10	1.0
결혼식	8	10	0.8
경계	9	10	0.9
경고	10	10	1.0
경기	10	10	1.0
경기도	7	10	0.7
경기장	7	10	0.7
경력	10	10	1.0
경복궁	10	10	1.0
경비	10	10	1.0
경상도	10	10	1.0
경영	9	10	0.9
경우	8	10	0.8
경쟁	10	10	1.0
경쟁력	10	10	1.0
경제	10	10	1.0
경제력	10	10	1.0
경제적	9	10	0.9
경제학	9	10	0.9
경주	10	10	1.0
경찰	10	10	1.0
경찰관	10	10	1.0
경찰서	7	10	0.7
경치	7	10	0.7
경향	10	10	1.0
경험	10	10	1.0
계곡	10	10	1.0
계단	10	10	1.0
계란	10	10	1.0
계산	9	10	0.9
계산기	9	10	0.9
계약	9	10	0.9
계절	10	10	1.0
계좌	10	10	1.0
계층	10	10	1.0
계획	10	10	1.0
고개	10	10	1.0
고객	10	10	1.0
고교	10	10	1.0
고구려	10	10	1.0
고구마	7	10	0.7
고궁	10	10	1.0
고급	10	10	1.0
고기	10	10	1.0
고등학교	9	10	0.9
고등학생	9	10	0.9
고려	10	10	1.0
고모	6	10	0.6
고모부	8	10	0.8
고무신	9	10	0.9
고민	8	10	0.8
고생	9	10	0.9
고속	10	10	1.0
고속도로	4	10	0.4
고속버스	9	10	0.9
고양이	9	10	0.9
고장	7	10	0.7
고전	9	10	0.9
고집	10	10	1.0
고추	6	10	0.6
고추장	8	10	0.8
고춧가루	10	10	1.0
고통	10	10	1.0
고함	10	10	1.0
고향	10	10	1.0
곡식	8	10	0.8
골목	8	10	0.8
골목길	10	10	1.0
골짜기	9	10	0.9
골치	8	10	0.8
골프	8	10	0.8
골프장	5	10	0.5
곳곳	10	10	1.0
공간	9	10	0.9
공개	10	10	1.0
공격	10	10	1.0
공공	10	10	1.0
공군	10	10	1.0
공급	10	10	1.0
공기	7	10	0.7
공동	7	10	0.7
공무원	9	10	0.9
공부	9	10	0.9
공사	8	10	0.8
공식	9	10	0.9
공식적	9	10	0.9
공업	10	10	1.0
공연	9	10	0.9
공연장	7	10	0.7
공원	9	10	0.9
공장	6	10	0.6
공주	9	10	0.9
공중	8	10	0.8
공중전화	10	10	1.0
공짜	10	10	1.0
공책	10	10	1.0
공통	9	10	0.9
공통적	8	10	0.8
공통점	9	10	0.9
공포	5	10	0.5
공항	10	10	1.0
공항버스	9	10	0.9
공해	9	10	0.9
공휴일	9	10	0.9
과거	7	10	0.7
과목	5	10	0.5
과외	6	10	0.6
과일	10	10	1.0
과자	5	10	0.5
과장	9	10	0.9
과정	10	10	1.0
과제	10	10	1.0
과학	9	10	0.9
과학자	8	10	0.8
과학적	7	10	0.7
관객	10	10	1.0
관계	9	10	0.9
관계자	9	10	0.9
관광	10	10	1.0
관광객	10	10	1.0
관광버스	9	10	0.9
관광지	10	10	1.0
관념	10	10	1.0
관람	10	10	1.0
관람객	10	10	1.0
관련	10	10	1.0
관리	3	10	0.3
관습	10	10	1.0
관심	10	10	1.0
관심사	6	10	0.6
관점	10	10	1.0
관찰	10	10	1.0
광경	8	10	0.8
광고	9	10	0.9
광장	8	10	0.8
광주	10	10	1.0
괴로움	9	10	0.9
교과서	10	10	1.0
교내	7	10	0.7
교대	9	10	0.9
교류	10	10	1.0
교문	10	10	1.0
교복	10	10	1.0
교사	9	10	0.9
교수	10	10	1.0
교실	9	10	0.9
교양	9	10	0.9
교외	10	10	1.0
교육	10	10	1.0
교육비	9	10	0.9
교육자	9	10	0.9
교장	7	10	0.7
교재	10	10	1.0
교직	10	10	1.0
교체	6	10	0.6
교통	10	10	1.0
교통사고	8	10	0.8
교포	9	10	0.9
교환	5	10	0.5
교회	10	10	1.0
교훈	0	10	0.0
구경	9	10	0.9
구두	6	10	0.6
구름	10	10	1.0
구멍	10	10	1.0
구별	10	10	1.0
구분	8	10	0.8
구석	10	10	1.0
구석구석	10	10	1.0
구성	6	10	0.6
구속	10	10	1.0
구역	10	10	1.0
구월	7	10	0.7
구입	7	10	0.7
구조	10	10	1.0
구청	6	10	0.6
구체적	7	10	0.7
국가	8	10	0.8
국가적	6	10	0.6
국기	8	10	0.8
국내	7	10	0.7
국내선	9	10	0.9
국내외	8	10	0.8
국립	10	10	1.0
국물	9	10	0.9
국민	10	10	1.0
국민적	9	10	0.9
국사	7	10	0.7
국산	10	10	1.0
국수	9	10	0.9
국어	5	10	0.5
국왕	10	10	1.0
국적	7	10	0.7
국제	10	10	1.0
국제선	8	10	0.8
국제적	8	10	0.8
국제화	10	10	1.0
국회	10	10	1.0
국회의원	9	10	0.9
군대	10	10	1.0
군사	8	10	0.8
군인	8	10	0.8
궁극적	9	10	0.9
권리	5	10	0.5
권위	4	10	0.4
권투	10	10	1.0
귀가	7	10	0.7
귀국	8	10	0.8
귀신	8	10	0.8
귓속	10	10	1.0
규모	9	10	0.9
규정	10	10	1.0
규칙	10	10	1.0
규칙적	6	10	0.6
균형	7	10	0.7
그간	8	10	0.8
그날	10	10	1.0
그늘	10	10	1.0
그다음	7	10	0.7
그동안	6	10	0.6
그때	10	10	1.0
그래픽	10	10	1.0
그룹	10	10	1.0
그릇	10	10	1.0
그리움	9	10	0.9
그림	10	10	1.0
그림자	9	10	0.9
그사이	10	10	1.0
그저께	10	10	1.0
그전	10	10	1.0
그중	10	10	1.0
그해	10	10	1.0
극복	9	10	0.9
극작가	7	10	0.7
극장	9	10	0.9
근거	8	10	0.8
근교	10	10	1.0
근래	10	10	1.0
근로	7	10	0.7
근로자	6	10	0.6
근무	5	10	0.5
근본	8	10	0.8
근본적	8	10	0.8
근원	9	10	0.9
근육	7	10	0.7
근처	7	10	0.7
글쓰기	5	10	0.5
글씨	0	10	0.0
글자	9	10	0.9
금강산	9	10	0.9
금고	5	10	0.5
금년	10	10	1.0
금메달	6	10	0.6
금액	10	10	1.0
금연	9	10	0.9
금요일	9	10	0.9
금지	8	10	0.8
긍정적	9	10	0.9
기간	7	10	0.7
기계	9	10	0.9
기관	8	10	0.8
기구	8	10	0.8
기기	9	10	0.9
기념	10	10	1.0
기념일	9	10	0.9
기념품	10	10	1.0
기능	5	10	0.5
기대	7	10	0.7
기도	9	10	0.9
기독교	9	10	0.9
기둥	10	10	1.0
기록	10	10	1.0
기름	10	10	1.0
기법	7	10	0.7
기본	7	10	0.7
기본적	9	10	0.9
기분	9	10	0.9
기쁨	10	10	1.0
기사	7	10	0.7
기성	8	10	0.8
기성세대	6	10	0.6
기숙사	8	10	0.8
기술	9	10	0.9
기술자	9	10	0.9
기억	10	10	1.0
기업	10	10	1.0
기업인	8	10	0.8
기여	8	10	0.8
기온	10	10	1.0
기운	10	10	1.0
기원	8	10	0.8
기원전	10	10	1.0
기자	9	10	0.9
기적	5	10	0.5
기준	10	10	1.0
기차	8	10	0.8
기초	10	10	1.0
기초적	8	10	0.8
기침	7	10	0.7
기타	8	10	0.8
기호	9	10	0.9
기혼	10	10	1.0
기회	10	10	1.0
기획	10	10	1.0
기후	7	10	0.7
긴급	10	10	1.0
긴장	5	10	0.5
긴장감	10	10	1.0
길가	9	10	0.9
길거리	5	10	0.5
길이	9	10	0.9
김밥	2	10	0.2
김치	7	10	0.7
김치찌개	10	10	1.0
김포공항	10	10	1.0
깊이	7	10	0.7
까닭	10	10	1.0
까만색	7	10	0.7
까치	6	10	0.6
깍두기	9	10	0.9
깡패	0	10	0.0
깨달음	10	10	1.0
깨소금	9	10	0.9
껍질	8	10	0.8
꼬리	4	10	0.4
꼬마	6	10	0.6
꼭대기	7	10	0.7
꽃씨	0	10	0.0
꽃잎	10	10	1.0
꾸중	8	10	0.8
꿈속	10	10	1.0
나들이	10	10	1.0
나라	10	10	1.0
나머지	10	10	1.0
나무	6	10	0.6
나물	10	10	1.0
나뭇가지	9	10	0.9
나뭇잎	10	10	1.0
나비	8	10	0.8
나이	9	10	0.9
나중	10	10	1.0
나침반	8	10	0.8
나흘	10	10	1.0
낙엽	10	10	1.0
낚시	8	10	0.8
낚시꾼	10	10	1.0
낚싯대	9	10	0.9
난리	5	10	0.5
난방	9	10	0.9
날개	10	10	1.0
날씨	0	10	0.0
날짜	10	10	1.0
남녀	10	10	1.0
남대문	9	10	0.9
남대문시장	8	10	0.8
남동생	9	10	0.9
남매	6	10	0.6
남미	7	10	0.7
남부	9	10	0.9
남북	7	10	0.7
남산	10	10	1.0
남성	7	10	0.7
남자	7	10	0.7
남쪽	10	10	1.0
남편	10	10	1.0
남학생	10	10	1.0
낭비	9	10	0.9
낱말	9	10	0.9
내과	10	10	1.0
내년	10	10	1.0
내달	6	10	0.6
내부	9	10	0.9
내외	7	10	0.7
내용	7	10	0.7
내용물	10	10	1.0
내일	9	10	0.9
내적	6	10	0.6
내후년	10	10	1.0
냄비	9	10	0.9
냄새	4	10	0.4
냇물	9	10	0.9
냉동	9	10	0.9
냉면	10	10	1.0
냉방	8	10	0.8
냉장고	10	10	1.0
너머	8	10	0.8
네거리	6	10	0.6
넥타이	9	10	0.9
노동	9	10	0.9
노동자	8	10	0.8
노란색	6	10	0.6
노래	10	10	1.0
노래방	8	10	0.8
노랫소리	4	10	0.4
노력	10	10	1.0
노선	9	10	0.9
노인	9	10	0.9
노트	0	10	0.0
녹색	5	10	0.5
녹음	9	10	0.9
녹차	7	10	0.7
녹화	10	10	1.0
논리	3	10	0.3
논리적	7	10	0.7
논문	10	10	1.0
논쟁	10	10	1.0
놀이	9	10	0.9
놀이터	0	10	0.0
농구	9	10	0.9
농담	10	10	1.0
농민	8	10	0.8
농부	10	10	1.0
농사	7	10	0.7
농사일	10	10	1.0
농산물	9	10	0.9
농업	10	10	1.0
농장	8	10	0.8
농촌	10	10	1.0
높이	10	10	1.0
누나	9	10	0.9
눈가	6	10	0.6
눈길	10	10	1.0
눈동자	10	10	1.0
눈물	10	10	1.0
눈병	10	10	1.0
눈빛	0	10	0.0
눈썹	10	10	1.0
눈앞	8	10	0.8
뉴스	5	10	0.5
뉴욕	10	10	1.0
느낌	10	10	1.0
늑대	10	10	1.0
능동적	8	10	0.8
능력	10	10	1.0
늦가을	10	10	1.0
다리	5	10	0.5
다방	9	10	0.9
다수	9	10	0.9
다양성	5	10	0.5
다음	9	10	0.9
다이어트	0	10	0.0
다툼	10	10	1.0
다행	10	10	1.0
단계	5	10	0.5
단골	10	10	1.0
단독	7	10	0.7
단맛	10	10	1.0
단순	10	10	1.0
단어	4	10	0.4
단위	6	10	0.6
단점	6	10	0.6
단지	10	10	1.0
단체	10	10	1.0
단추	7	10	0.7
단편	10	10	1.0
단풍	9	10	0.9
달걀	10	10	1.0
달러	10	10	1.0
달력	10	10	1.0
달리기	10	10	1.0
달빛	0	10	0.0
닭고기	10	10	1.0
담당	10	10	1.0
담당자	9	10	0.9
담배	10	10	1.0
담요	10	10	1.0
담임	10	10	1.0
답변	10	10	1.0
답장	10	10	1.0
닷새	8	10	0.8
당근	10	10	1.0
당시	9	10	0.9
당장	8	10	0.8
대가	6	10	0.6
대개	10	10	1.0
대구	10	10	1.0
대규모	8	10	0.8
대기	10	10	1.0
대기업	9	10	0.9
대낮	10	10	1.0
대다수	10	10	1.0
대답	10	10	1.0
대도시	7	10	0.7
대량	10	10	1.0
대륙	10	10	1.0
대문	10	10	1.0
대부분	8	10	0.8
대비	8	10	0.8
대사	9	10	0.9
대사관	5	10	0.5
대상자	7	10	0.7
대신	10	10	1.0
대응	10	10	1.0
대입	6	10	0.6
대전	10	10	1.0
대접	4	10	0.4
대중	10	10	1.0
대중교통	10	10	1.0
대중문화	10	10	1.0
대중적	9	10	0.9
대책	10	10	1.0
대출	10	10	1.0
대통령	10	10	1.0
대표	10	10	1.0
대표적	9	10	0.9
대학	7	10	0.7
대학교	10	10	1.0
대학교수	8	10	0.8
대학로	7	10	0.7
대학생	9	10	0.9
대학원	7	10	0.7
대한민국	10	10	1.0
대합실	8	10	0.8
대형	6	10	0.6
대화	10	10	1.0
대회	10	10	1.0
더위	9	10	0.9
덕분	9	10	0.9
덕수궁	10	10	1.0
덩어리	6	10	0.6
데이트	0	10	0.0
도구	10	10	1.0
도덕	10	10	1.0
도둑	10	10	1.0
도로	5	10	0.5
도마	10	10	1.0
도망	10	10	1.0
도서관	6	10	0.6
도시	8	10	0.8
도시락	10	10	1.0
도심	8	10	0.8
도움	10	10	1.0
도움말	8	10	0.8
도입	9	10	0.9
도자기	9	10	0.9
도장	8	10	0.8
도전	9	10	0.9
도중	9	10	0.9
도착	10	10	1.0
도쿄	10	10	1.0
독감	10	10	1.0
독립	10	10	1.0
독서	9	10	0.9
독일	10	10	1.0
독일어	8	10	0.8
독창적	7	10	0.7
돌멩이	7	10	0.7
동그라미	8	10	0.8
동기	10	10	1.0
동네	10	10	1.0
동대문	8	10	0.8
동대문시장	10	10	1.0
동료	10	10	1.0
동물	9	10	0.9
동물원	9	10	0.9
동부	9	10	0.9
동생	10	10	1.0
동서	6	10	0.6
동서남북	6	10	0.6
동시	9	10	0.9
동아리	4	10	0.4
동안	9	10	0.9
동양	6	10	0.6
동양인	10	10	1.0
동의	8	10	0.8
동작	7	10	0.7
동전	9	10	0.9
동쪽	10	10	1.0
동창	10	10	1.0
동포	7	10	0.7
동행	9	10	0.9
동화	10	10	1.0
동화책	10	10	1.0
돼지	8	10	0.8
돼지고기	7	10	0.7
된장	10	10	1.0
된장찌개	10	10	1.0
두께	10	10	1.0
두뇌	10	10	1.0
두려움	9	10	0.9
두부	9	10	0.9
두통	10	10	1.0
둥지	9	10	0.9
뒤쪽	10	10	1.0
뒤편	10	10	1.0
뒷골목	5	10	0.5
뒷모습	10	10	1.0
뒷문	10	10	1.0
뒷산	10	10	1.0
드라마	6	10	0.6
등록	10	10	1.0
등록금	7	10	0.7
등록증	10	10	1.0
등산	9	10	0.9
등산로	5	10	0.5
등장	7	10	0.7
디스크	6	10	0.6
디자이너	10	10	1.0
디자인	9	10	0.9
따님	10	10	1.0
딸기	9	10	0.9
딸아이	10	10	1.0
땅바닥	10	10	1.0
땅속	10	10	1.0
땅콩	10	10	1.0
떡국	8	10	0.8
떡볶이	8	10	0.8
뚜껑	10	10	1.0
뜻밖	10	10	1.0
라디오	7	10	0.7
라면	10	10	1.0
라운드	10	10	1.0
라이벌	10	10	1.0
라이터	0	10	0.0
라인	8	10	0.8
라켓	10	10	1.0
러시아	6	10	0.6
런던	10	10	1.0
레몬	10	10	1.0
레스토랑	10	10	1.0
레이저	6	10	0.6
레저	5	10	0.5
렌즈	10	10	1.0
로봇	10	10	1.0
로터리	3	10	0.3
리그	6	10	0.6
리듬	10	10	1.0
마누라	8	10	0.8
마늘	10	10	1.0
마당	10	10	1.0
마디	8	10	0.8
마라톤	10	10	1.0
마련	10	10	1.0
마루	10	10	1.0
마무리	6	10	0.6
마사지	10	10	1.0
마약	9	10	0.9
마요네즈	10	10	1.0
마을	10	10	1.0
마음	8	10	0.8
마음가짐	10	10	1.0
마음속	10	10	1.0
마음씨	0	10	0.0
마이크	6	10	0.6
마중	10	10	1.0
마지막	10	10	1.0
마찬가지	9	10	0.9
마찰	10	10	1.0
마크	8	10	0.8
막걸리	8	10	0.8
막내	8	10	0.8
만남	10	10	1.0
만두	7	10	0.7
만세	10	10	1.0
만약	7	10	0.7
만일	9	10	0.9
만점	8	10	0.8
만족	10	10	1.0
만화	10	10	1.0
만화가	6	10	0.6
말기	8	10	0.8
말씀	10	10	1.0
말투	10	10	1.0
망원경	8	10	0.8
맞은편	10	10	1.0
매너	10	10	1.0
매력	10	10	1.0
매스컴	10	10	1.0
매일	10	10	1.0
매장	6	10	0.6
매체	9	10	0.9
맥주	9	10	0.9
머리	5	10	0.5
머리말	8	10	0.8
머리카락	10	10	1.0
머리칼	10	10	1.0
머릿속	10	10	1.0
먹이	9	10	0.9
먼지	7	10	0.7
메뉴	10	10	1.0
메모	9	10	0.9
메시지	10	10	1.0
메일	10	10	1.0
며느리	4	10	0.4
며칠	10	10	1.0
면담	9	10	0.9
면적	8	10	0.8
면접	9	10	0.9
멸치	6	10	0.6
명단	8	10	0.8
명령	10	10	1.0
명령어	8	10	0.8
명예	10	10	1.0
명의	10	10	1.0
명절	9	10	0.9
명칭	8	10	0.8
명함	10	10	1.0
모기	9	10	0.9
모니터	0	10	0.0
모델	10	10	1.0
모두	7	10	0.7
모래	10	10	1.0
모레	3	10	0.3
모범	10	10	1.0
모습	10	10	1.0
모양	8	10	0.8
모임	10	10	1.0
모자	10	10	1.0
모집	10	10	1.0
모퉁이	10	10	1.0
목걸이	8	10	0.8
목록	10	10	1.0
목사	9	10	0.9
목소리	5	10	0.5
목숨	10	10	1.0
목요일	10	10	1.0
목욕	10	10	1.0
목욕탕	10	10	1.0
목적	6	10	0.6
목표	10	10	1.0
몸매	6	10	0.6
몸무게	8	10	0.8
몸살	8	10	0.8
몸속	10	10	1.0
몸짓	10	10	1.0
몸통	10	10	1.0
묘사	8	10	0.8
무게	10	10	1.0
무관심	9	10	0.9
무궁화	10	10	1.0
무기	8	10	0.8
무늬	10	10	1.0
무대	9	10	0.9
무더위	6	10	0.6
무덤	10	10	1.0
무료	10	10	1.0
무릎	10	10	1.0
무리	5	10	0.5
무역	10	10	1.0
무용	8	10	0.8
무용가	8	10	0.8
무지개	10	10	1.0
문구	10	10	1.0
문밖	10	10	1.0
문법	6	10	0.6
문서	9	10	0.9
문자	9	10	0.9
문장	6	10	0.6
문제	10	10	1.0
문제점	8	10	0.8
문학	6	10	0.6
문학적	9	10	0.9
문화	10	10	1.0
문화재	5	10	0.5
문화적	8	10	0.8
물가	8	10	0.8
물건	10	10	1.0
물결	9	10	0.9
물고기	9	10	0.9
물기	8	10	0.8
물론	10	10	1.0
물리학	7	10	0.7
물속	10	10	1.0
물음	8	10	0.8
물질	8	10	0.8
물질적	10	10	1.0
물체	7	10	0.7
미국	10	10	1.0
미니	10	10	1.0
미디어	9	10	0.9
미래	10	10	1.0
미만	10	10	1.0
미사일	10	10	1.0
미소	9	10	0.9
미술	10	10	1.0
미술관	4	10	0.4
미스	9	10	0.9
미역	10	10	1.0
미용실	8	10	0.8
미움	9	10	0.9
미인	9	10	0.9
미팅	10	10	1.0
미혼	10	10	1.0
민간	6	10	0.6
민속	10	10	1.0
민족	10	10	1.0
민주	10	10	1.0
민주주의	9	10	0.9
민주화	10	10	1.0
믿음	8	10	0.8
밀가루	10	10	1.0
밑바닥	10	10	1.0
바가지	9	10	0.9
바구니	10	10	1.0
바깥	10	10	1.0
바깥쪽	10	10	1.0
바나나	9	10	0.9
바늘	10	10	1.0
바다	9	10	0.9
바닥	10	10	1.0
바닷가	7	10	0.7
바닷물	9	10	0.9
바람	10	10	1.0
바보	8	10	0.8
바위	7	10	0.7
바이러스	8	10	0.8
바이올린	10	10	1.0
바지	9	10	0.9
바퀴	10	10	1.0
바탕	10	10	1.0
박물관	9	10	0.9
박사	8	10	0.8
박수	10	10	1.0
박스	9	10	0.9
반대	7	10	0.7
반대편	9	10	0.9
반말	7	10	0.7
반면	10	10	1.0
반발	9	10	0.9
반성	8	10	0.8
반응	10	10	1.0
반장	10	10	1.0
반죽	10	10	1.0
반지	8	10	0.8
반찬	10	10	1.0
받침	8	10	0.8
발가락	10	10	1.0
발걸음	9	10	0.9
발견	10	10	1.0
발길	10	10	1.0
발끝	10	10	1.0
발달	6	10	0.6
발등	8	10	0.8
발레	7	10	0.7
발목	6	10	0.6
발바닥	10	10	1.0
발생	9	10	0.9
발음	7	10	0.7
발자국	9	10	0.9
발전	9	10	0.9
발톱	10	10	1.0
발표	9	10	0.9
밤낮	10	10	1.0
밤새	7	10	0.7
밤색	6	10	0.6
밤중	10	10	1.0
밤하늘	10	10	1.0
밥그릇	10	10	1.0
밥맛	10	10	1.0
밥상	9	10	0.9
밥솥	10	10	1.0
방면	10	10	1.0
방문	10	10	1.0
방바닥	10	10	1.0
방법	5	10	0.5
방송	10	10	1.0
방송국	10	10	1.0
방송사	9	10	0.9
방식	9	10	0.9
방안	8	10	0.8
방울	10	10	1.0
방지	8	10	0.8
방학	8	10	0.8
방해	10	10	1.0
방향	10	10	1.0
배경	8	10	0.8
배구	10	10	1.0
배꼽	10	10	1.0
배달	4	10	0.4
배드민턴	10	10	1.0
배우	9	10	0.9
배우자	9	10	0.9
배추	8	10	0.8
배추김치	8	10	0.8
배치	10	10	1.0
백두산	8	10	0.8
백색	4	10	0.4
백성	8	10	0.8
백인	8	10	0.8
백제	10	10	1.0
백화점	7	10	0.7
뱃사람	10	10	1.0
버릇	10	10	1.0
버섯	10	10	1.0
버스	7	10	0.7
버터	0	10	0.0
버튼	10	10	1.0
번개	10	10	1.0
번역	10	10	1.0
번지	9	10	0.9
번호	7	10	0.7
벌금	9	10	0.9
벌레	5	10	0.5
범위	8	10	0.8
범인	10	10	1.0
범죄	10	10	1.0
법률	10	10	1.0
법원	10	10	1.0
법적	5	10	0.5
법칙	10	10	1.0
베개	10	10	1.0
베이징	10	10	1.0
벤치	10	10	1.0
벨트	0	10	0.0
변경	6	10	0.6
변동	9	10	0.9
변명	7	10	0.7
변신	10	10	1.0
변호사	10	10	1.0
변화	10	10	1.0
별도	7	10	0.7
별명	7	10	0.7
별일	10	10	1.0
병실	9	10	0.9
병아리	6	10	0.6
병원	10	10	1.0
보고	9	10	0.9
보고서	10	10	1.0
보관	10	10	1.0
보너스	9	10	0.9
보도	5	10	0.5
보라색	3	10	0.3
보람	10	10	1.0
보름	10	10	1.0
보리	5	10	0.5
보상	9	10	0.9
보수	10	10	1.0
보수적	6	10	0.6
보안	9	10	0.9
보자기	8	10	0.8
보장	8	10	0.8
보전	8	10	0.8
보조	8	10	0.8
보존	10	10	1.0
보통	10	10	1.0
보편적	9	10	0.9
보험	10	10	1.0
보호	8	10	0.8
복도	9	10	0.9
복사	8	10	0.8
복사기	10	10	1.0
복숭아	3	10	0.3
복습	10	10	1.0
볶음	7	10	0.7
볶음밥	4	10	0.4
본격적	8	10	0.8
본래	10	10	1.0
본부	9	10	0.9
본사	8	10	0.8
본성	9	10	0.9
본인	10	10	1.0
본질	10	10	1.0
볼링	10	10	1.0
볼일	10	10	1.0
볼펜	10	10	1.0
봉사	9	10	0.9
봉지	10	10	1.0
봉투	10	10	1.0
부근	7	10	0.7
부끄러움	8	10	0.8
부담	8	10	0.8
부대	9	10	0.9
부동산	10	10	1.0
부모	10	10	1.0
부모님	10	10	1.0
부문	10	10	1.0
부부	9	10	0.9
부분	9	10	0.9
부분적	7	10	0.7
부산	9	10	0.9
부상	10	10	1.0
부서	7	10	0.7
부엌	10	10	1.0
부위	9	10	0.9
부인	10	10	1.0
부자	8	10	0.8
부작용	6	10	0.6
부잣집	10	10	1.0
부장	4	10	0.4
부재	8	10	0.8
부정	10	10	1.0
부정적	9	10	0.9
부족	10	10	1.0
부채	8	10	0.8
부처	7	10	0.7
부친	5	10	0.5
부탁	10	10	1.0
부품	10	10	1.0
부피	10	10	1.0
부회장	8	10	0.8
북부	9	10	0.9
북쪽	10	10	1.0
북한	6	10	0.6
분노	8	10	0.8
분량	10	10	1.0
분리	6	10	0.6
분석	10	10	1.0
분야	10	10	1.0
분위기	8	10	0.8
분필	10	10	1.0
분홍색	4	10	0.4
불고기	7	10	0.7
불교	8	10	0.8
불꽃	7	10	0.7
불만	7	10	0.7
불법	7	10	0.7
불빛	0	10	0.0
불안	7	10	0.7
불이익	10	10	1.0
불편	10	10	1.0
불평	10	10	1.0
불행	10	10	1.0
브랜드	10	10	1.0
블라우스	8	10	0.8
비교	9	10	0.9
비극	10	10	1.0
비난	10	10	1.0
비누	10	10	1.0
비닐	10	10	1.0
비닐봉지	9	10	0.9
비둘기	9	10	0.9
비디오	4	10	0.4
비만	9	10	0.9
비명	6	10	0.6
비밀	0	10	0.0
비바람	10	10	1.0
비빔밥	0	10	0.0
비상	7	10	0.7
비서	8	10	0.8
비용	7	10	0.7
비율	10	10	1.0
비중	9	10	0.9
비타민	8	10	0.8
비판	10	10	1.0
비판적	9	10	0.9
비행	10	10	1.0
비행기	7	10	0.7
비행장	6	10	0.6
빌딩	10	10	1.0
빗물	8	10	0.8
빗방울	10	10	1.0
빗줄기	8	10	0.8
빛깔	10	10	1.0
빨간색	5	10	0.5
빨래	10	10	1.0
뿌리	2	10	0.2
사건	10	10	1.0
사계절	10	10	1.0
사고	10	10	1.0
사과	10	10	1.0
사기	9	10	0.9
사나이	8	10	0.8
사냥	10	10	1.0
사람	10	10	1.0
사랑	10	10	1.0
사례	10	10	1.0
사립	10	10	1.0
사망	10	10	1.0
사모님	10	10	1.0
사무	8	10	0.8
사무소	10	10	1.0
사무실	8	10	0.8
사무직	10	10	1.0
사물	8	10	0.8
사방	10	10	1.0
사상	9	10	0.9
사생활	10	10	1.0
사설	7	10	0.7
사슴	10	10	1.0
사실	8	10	0.8
사업	10	10	1.0
사업가	4	10	0.4
사업자	6	10	0.6
사용	8	10	0.8
사용자	9	10	0.9
사원	7	10	0.7
사월	5	10	0.5
사위	7	10	0.7
사이	10	10	1.0
사이사이	7	10	0.7
사자	10	10	1.0
사장	7	10	0.7
사전	10	10	1.0
사정	10	10	1.0
사진	7	10	0.7
사진기	8	10	0.8
사촌	10	10	1.0
사춘기	9	10	0.9
사탕	10	10	1.0
사투리	5	10	0.5
사표	10	10	1.0
사회	10	10	1.0
사회생활	10	10	1.0
사회자	9	10	0.9
사회적	6	10	0.6
사회주의	9	10	0.9
사회학	9	10	0.9
사흘	10	10	1.0
산길	10	10	1.0
산부인과	10	10	1.0
산소	9	10	0.9
산속	10	10	1.0
산업	10	10	1.0
산책	10	10	1.0
살림	10	10	1.0
살인	9	10	0.9
삼계탕	10	10	1.0
삼국	10	10	1.0
삼월	6	10	0.6
삼촌	10	10	1.0
상관	6	10	0.6
상금	9	10	0.9
상담	10	10	1.0
상당	10	10	1.0
상당수	9	10	0.9
상대	9	10	0.9
상대방	10	10	1.0
상대성	8	10	0.8
상대적	7	10	0.7
상대편	10	10	1.0
상류	10	10	1.0
상반기	9	10	0.9
상상	8	10	0.8
상상력	10	10	1.0
상식	6	10	0.6
상업	10	10	1.0
상인	9	10	0.9
상자	8	10	0.8
상점	8	10	0.8
상징적	6	10	0.6
상처	7	10	0.7
상추	7	10	0.7
상태	10	10	1.0
상표	9	10	0.9
상품	10	10	1.0
상황	10	10	1.0
새끼	10	10	1.0
새벽	10	10	1.0
새소리	4	10	0.4
새우	9	10	0.9
새해	10	10	1.0
색깔	10	10	1.0
색연필	9	10	0.9
샌드위치	7	10	0.7
생각	10	10	1.0
생기	9	10	0.9
생명	7	10	0.7
생물	8	10	0.8
생방송	10	10	1.0
생산	10	10	1.0
생산력	10	10	1.0
생산자	9	10	0.9
생선	10	10	1.0
생신	10	10	1.0
생일	9	10	0.9
생활	10	10	1.0
생활비	10	10	1.0
생활수준	10	10	1.0
생활용품	10	10	1.0
생활환경	7	10	0.7
샤워	10	10	1.0
서구	8	10	0.8
서랍	10	10	1.0
서로	5	10	0.5
서류	10	10	1.0
서명	10	10	1.0
서민	6	10	0.6
서부	8	10	0.8
서비스	10	10	1.0
서양	8	10	0.8
서양인	10	10	1.0
서울	10	10	1.0
서울역	10	10	1.0
서적	8	10	0.8
서점	8	10	0.8
서쪽	10	10	1.0
서클	6	10	0.6
석사	8	10	0.8
석유	10	10	1.0
선거	8	10	0.8
선물	9	10	0.9
선배	5	10	0.5
선생	8	10	0.8
선생님	10	10	1.0
선수	9	10	0.9
선원	8	10	0.8
선장	10	10	1.0
선전	10	10	1.0
선진	7	10	0.7
선진국	10	10	1.0
선택	10	10	1.0
선풍기	7	10	0.7
설거지	9	10	0.9
설날	10	10	1.0
설렁탕	10	10	1.0
설명	7	10	0.7
설문	10	10	1.0
설악산	8	10	0.8
설치	9	10	0.9
설탕	10	10	1.0
섭씨	0	10	0.0
성격	10	10	1.0
성경	9	10	0.9
성공	9	10	0.9
성공적	6	10	0.6
성당	10	10	1.0
성명	5	10	0.5
성별	10	10	1.0
성인	9	10	0.9
성장	8	10	0.8
성적	7	10	0.7
성질	7	10	0.7
성함	10	10	1.0
세계	10	10	1.0
세계관	8	10	0.8
세계적	6	10	0.6
세금	9	10	0.9
세기	9	10	0.9
세대	8	10	0.8
세로	4	10	0.4
세미나	10	10	1.0
세상	9	10	0.9
세수	9	10	0.9
세월	6	10	0.6
세제	10	10	1.0
세종대왕	10	10	1.0
세탁	10	10	1.0
세탁기	9	10	0.9
세탁소	9	10	0.9
세트	0	10	0.0
센터	0	10	0.0
소개	10	10	1.0
소규모	8	10	0.8
소극적	8	10	0.8
소금	9	10	0.9
소나기	8	10	0.8
소나무	4	10	0.4
소녀	10	10	1.0
소년	10	10	1.0
소득	10	10	1.0
소리	5	10	0.5
소망	10	10	1.0
소매	7	10	0.7
소문	9	10	0.9
소비	8	10	0.8
소비자	8	10	0.8
소설	8	10	0.8
소설가	9	10	0.9
소속	10	10	1.0
소수	9	10	0.9
소스	6	10	0.6
소시지	9	10	0.9
소식	9	10	0.9
소아과	10	10	1.0
소용	9	10	0.9
소원	7	10	0.7
소유	10	10	1.0
소유자	9	10	0.9
소음	10	10	1.0
소재	9	10	0.9
소주	10	10	1.0
소지품	10	10	1.0
소질	10	10	1.0
소파	10	10	1.0
소포	8	10	0.8
소풍	9	10	0.9
소프트웨어	6	10	0.6
소형	8	10	0.8
소화	10	10	1.0
속담	10	10	1.0
속도	9	10	0.9
속마음	8	10	0.8
속옷	0	10	0.0
손가락	10	10	1.0
손길	10	10	1.0
손녀	10	10	1.0
손님	10	10	1.0
손등	8	10	0.8
손목	7	10	0.7
손바닥	10	10	1.0
손발	7	10	0.7
손뼉	10	10	1.0
손수건	10	10	1.0
손실	8	10	0.8
손자	8	10	0.8
손잡이	9	10	0.9
손질	10	10	1.0
손톱	10	10	1.0
손해	8	10	0.8
솜씨	0	10	0.0
송아지	9	10	0.9
송이	8	10	0.8
송편	10	10	1.0
쇠고기	9	10	0.9
쇼핑	10	10	1.0
수건	10	10	1.0
수고	9	10	0.9
수년	10	10	1.0
수단	10	10	1.0
수도	8	10	0.8
수도권	10	10	1.0
수도꼭지	8	10	0.8
수돗물	10	10	1.0
수동적	5	10	0.5
수면	10	10	1.0
수명	8	10	0.8
수박	10	10	1.0
수상	9	10	0.9
수석	10	10	1.0
수술	9	10	0.9
수업	10	10	1.0
수염	0	10	0.0
수영	10	10	1.0
수영장	9	10	0.9
수요	8	10	0.8
수요일	9	10	0.9
수입	7	10	0.7
수입품	10	10	1.0
수저	8	10	0.8
수준	10	10	1.0
수집	10	10	1.0
수출	10	10	1.0
수컷	10	10	1.0
수표	9	10	0.9
수필	9	10	0.9
수학	8	10	0.8
수험생	9	10	0.9
수화기	10	10	1.0
숙녀	10	10	1.0
숙소	10	10	1.0
숙제	10	10	1.0
순간	7	10	0.7
순간적	8	10	0.8
순서	7	10	0.7
순수	10	10	1.0
순식간	6	10	0.6
순위	6	10	0.6
숟가락	10	10	1.0
술병	10	10	1.0
술자리	6	10	0.6
술잔	8	10	0.8
술집	10	10	1.0
숫자	9	10	0.9
슈퍼마켓	10	10	1.0
스님	10	10	1.0
스스로	6	10	0.6
스승	9	10	0.9
스웨터	0	10	0.0
스위치	9	10	0.9
스케이트	0	10	0.0
스케줄	10	10	1.0
스키	10	10	1.0
스키장	8	10	0.8
스타	5	10	0.5
스타일	10	10	1.0
스튜디오	9	10	0.9
스트레스	7	10	0.7
스포츠	10	10	1.0
슬픔	10	10	1.0
습관	9	10	0.9
습기	8	10	0.8
승객	10	10	1.0
승리	6	10	0.6
승부	10	10	1.0
승용차	8	10	0.8
승진	6	10	0.6
시각	9	10	0.9
시간	7	10	0.7
시계	8	10	0.8
시골	10	10	1.0
시금치	9	10	0.9
시기	9	10	0.9
시나리오	7	10	0.7
시내	6	10	0.6
시내버스	9	10	0.9
시대	10	10	1.0
시대적	7	10	0.7
시댁	10	10	1.0
시도	9	10	0.9
시디	9	10	0.9
시디롬	10	10	1.0
시리즈	10	10	1.0
시멘트	0	10	0.0
시민	9	10	0.9
시부모	8	10	0.8
시선	8	10	0.8
시설	7	10	0.7
시스템	10	10	1.0
시아버지	9	10	0.9
시야	10	10	1.0
시어머니	10	10	1.0
시외	10	10	1.0
시외버스	9	10	0.9
시월	4	10	0.4
시위	9	10	0.9
시인	8	10	0.8
시일	10	10	1.0
시작	8	10	0.8
시장	8	10	0.8
시절	10	10	1.0
시점	8	10	0.8
시중	8	10	0.8
시즌	10	10	1.0
시집	10	10	1.0
시청	6	10	0.6
시청률	10	10	1.0
시청자	7	10	0.7
시합	3	10	0.3
시험	10	10	1.0
식구	8	10	0.8
식기	8	10	0.8
식당	10	10	1.0
식량	10	10	1.0
식료품	10	10	1.0
식물	10	10	1.0
식빵	10	10	1.0
식사	10	10	1.0
식생활	10	10	1.0
식욕	10	10	1.0
식용유	10	10	1.0
식초	10	10	1.0
식탁	10	10	1.0
식품	10	10	1.0
식품점	6	10	0.6
신경	5	10	0.5
신고	8	10	0.8
신규	6	10	0.6
신념	10	10	1.0
신라	7	10	0.7
신랑	10	10	1.0
신문	10	10	1.0
신문사	7	10	0.7
신문지	10	10	1.0
신발	6	10	0.6
신부	9	10	0.9
신분	8	10	0.8
신비	10	10	1.0
신사	8	10	0.8
신설	6	10	0.6
신세	10	10	1.0
신세대	9	10	0.9
신용	8	10	0.8
신인	8	10	0.8
신입생	10	10	1.0
신제품	10	10	1.0
신청	5	10	0.5
신청서	7	10	0.7
신체	7	10	0.7
신체적	7	10	0.7
신호	6	10	0.6
신호등	8	10	0.8
신혼부부	8	10	0.8
신혼여행	10	10	1.0
신화	10	10	1.0
실감	10	10	1.0
실내	7	10	0.7
실력	10	10	1.0
실례	10	10	1.0
실망	10	10	1.0
실수	9	10	0.9
실습	10	10	1.0
실시	8	10	0.8
실장	9	10	0.9
실정	10	10	1.0
실제	10	10	1.0
실질적	9	10	0.9
실천	10	10	1.0
실체	9	10	0.9
실태	10	10	1.0
실패	0	10	0.0
실험	10	10	1.0
실현	10	10	1.0
심리	6	10	0.6
심리적	8	10	0.8
심부름	10	10	1.0
심사	9	10	0.9
심장	6	10	0.6
심정	10	10	1.0
심판	10	10	1.0
십이월	3	10	0.3
십일월	6	10	0.6
싸구려	10	10	1.0
싸움	9	10	0.9
싼값	10	10	1.0
쌍둥이	8	10	0.8
쓰레기	9	10	0.9
쓰레기통	10	10	1.0
쓴맛	10	10	1.0
씨름	10	10	1.0
씨앗	10	10	1.0
아가씨	0	10	0.0
아기	7	10	0.7
아까	10	10	1.0
아나운서	8	10	0.8
아내	10	10	1.0
아드님	10	10	1.0
아들	10	10	1.0
아래	10	10	1.0
아래쪽	10	10	1.0
아래층	10	10	1.0
아랫사람	10	10	1.0
아르바이트	0	10	0.0
아무것	10	10	1.0
아버님	10	10	1.0
아버지	10	10	1.0
아빠	10	10	1.0
아쉬움	9	10	0.9
아스팔트	0	10	0.0
아시아	5	10	0.5
아이	9	10	0.9
아이디어	6	10	0.6
아이스크림	10	10	1.0
아저씨	0	10	0.0
아주머니	10	10	1.0
아줌마	8	10	0.8
아침	6	10	0.6
아파트	0	10	0.0
아프리카	9	10	0.9
아픔	10	10	1.0
악기	9	10	0.9
악몽	10	10	1.0
악수	9	10	0.9
안개	10	10	1.0
안경	9	10	0.9
안과	10	10	1.0
안내	9	10	0.9
안동	10	10	1.0
안방	9	10	0.9
안부	9	10	0.9
안전	8	10	0.8
안정	10	10	1.0
안주	7	10	0.7
안쪽	10	10	1.0
안팎	10	10	1.0
알루미늄	10	10	1.0
알코올	0	10	0.0
암시	8	10	0.8
암컷	10	10	1.0
압력	10	10	1.0
앞길	10	10	1.0
앞날	10	10	1.0
앞뒤	5	10	0.5
앞문	10	10	1.0
앞바다	9	10	0.9
앞쪽	10	10	1.0
애인	10	10	1.0
애정	10	10	1.0
애초	8	10	0.8
액세서리	6	10	0.6
액수	10	10	1.0
앨범	10	10	1.0
야간	8	10	0.8
야구	8	10	0.8
야구장	9	10	0.9
야단	8	10	0.8
야외	7	10	0.7
야채	7	10	0.7
약간	9	10	0.9
약국	9	10	0.9
약속	10	10	1.0
약수	10	10	1.0
약점	7	10	0.7
약품	10	10	1.0
약혼녀	10	10	1.0
약혼자	10	10	1.0
양국	9	10	0.9
양념	10	10	1.0
양력	10	10	1.0
양말	8	10	0.8
양배추	6	10	0.6
양보	9	10	0.9
양복	10	10	1.0
양상추	8	10	0.8
양식	9	10	0.9
양심	9	10	0.9
양옆	10	10	1.0
양주	9	10	0.9
양쪽	10	10	1.0
양파	10	10	1.0
얘기	8	10	0.8
어깨	10	10	1.0
어둠	10	10	1.0
어려움	7	10	0.7
어른	10	10	1.0
어린아이	10	10	1.0
어린애	10	10	1.0
어린이	9	10	0.9
어린이날	10	10	1.0
어머니	10	10	1.0
어머님	10	10	1.0
어저께	10	10	1.0
어제	10	10	1.0
어젯밤	6	10	0.6
언니	10	10	1.0
언덕	9	10	0.9
언론	10	10	1.0
언어	3	10	0.3
얼굴	10	10	1.0
얼마	8	10	0.8
얼마간	7	10	0.7
얼음	10	10	1.0
엄마	2	10	0.2
업무	8	10	0.8
업종	8	10	0.8
업체	10	10	1.0
엉덩이	9	10	0.9
엉망	10	10	1.0
엉터리	6	10	0.6
에너지	8	10	0.8
에어컨	0	10	0.0
엔진	8	10	0.8
엘리베이터	0	10	0.0
여가	8	10	0.8
여건	9	10	0.9
여고생	9	10	0.9
여관	6	10	0.6
여군	10	10	1.0
여권	10	10	1.0
여기저기	9	10	0.9
여대생	8	10	0.8
여동생	10	10	1.0
여럿	10	10	1.0
여론	10	10	1.0
여름	10	10	1.0
여름철	10	10	1.0
여성	9	10	0.9
여왕	10	10	1.0
여우	9	10	0.9
여유	9	10	0.9
여인	7	10	0.7
여자	9	10	0.9
여직원	9	10	0.9
여학생	8	10	0.8
여행	10	10	1.0
여행사	9	10	0.9
역사	10	10	1.0
역사가	8	10	0.8
역사상	8	10	0.8
역사적	9	10	0.9
역사학	9	10	0.9
역할	8	10	0.8
연간	7	10	0.7
연결	7	10	0.7
연관	7	10	0.7
연구	10	10	1.0
연구소	9	10	0.9
연구실	9	10	0.9
연구원	10	10	1.0
연구자	9	10	0.9
연극	10	10	1.0
연기	9	10	0.9
연기자	8	10	0.8
연두색	2	10	0.2
연락	10	10	1.0
연락처	10	10	1.0
연령	10	10	1.0
연말	8	10	0.8
연설	7	10	0.7
연세	9	10	0.9
연속	10	10	1.0
연습	10	10	1.0
연애	10	10	1.0
연예인	7	10	0.7
연인	7	10	0.7
연장	10	10	1.0
연주	10	10	1.0
연출	9	10	0.9
연필	8	10	0.8
연합	4	10	0.4
연휴	10	10	1.0
열기	5	10	0.5
열매	6	10	0.6
열쇠	10	10	1.0
열정	10	10	1.0
열차	5	10	0.5
열흘	10	10	1.0
염려	10	10	1.0
엽서	9	10	0.9
영국	9	10	0.9
영남	8	10	0.8
영상	9	10	0.9
영양	9	10	0.9
영어	6	10	0.6
영업	10	10	1.0
영역	10	10	1.0
영웅	10	10	1.0
영하	6	10	0.6
영향	10	10	1.0
영향력	10	10	1.0
영혼	10	10	1.0
영화	10	10	1.0
영화관	8	10	0.8
영화배우	9	10	0.9
영화제	10	10	1.0
옆구리	3	10	0.3
옆방	9	10	0.9
옆집	10	10	1.0
예감	10	10	1.0
예금	9	10	0.9
예방	10	10	1.0
예보	9	10	0.9
예비	6	10	0.6
예산	9	10	0.9
예상	9	10	0.9
예선	9	10	0.9
예술	9	10	0.9
예술가	7	10	0.7
예술적	9	10	0.9
예습	10	10	1.0
예식장	7	10	0.7
예약	9	10	0.9
예외	6	10	0.6
예의	9	10	0.9
예전	10	10	1.0
예절	10	10	1.0
예정	10	10	1.0
옛날	10	10	1.0
옛날이야기	9	10	0.9
오늘	10	10	1.0
오늘날	10	10	1.0
오락	10	10	1.0
오래간만	9	10	0.9
오래전	10	10	1.0
오랜만	7	10	0.7
오랫동안	9	10	0.9
오렌지	10	10	1.0
오른발	5	10	0.5
오른손	6	10	0.6
오른쪽	10	10	1.0
오리	2	10	0.2
오븐	10	10	1.0
오빠	10	10	1.0
오염	0	10	0.0
오월	4	10	0.4
오이	9	10	0.9
오전	9	10	0.9
오징어	4	10	0.4
오페라	8	10	0.8
오피스텔	10	10	1.0
오해	10	10	1.0
오후	10	10	1.0
옥상	9	10	0.9
옥수수	10	10	1.0
온도	5	10	0.5
온돌	10	10	1.0
온라인	10	10	1.0
온몸	8	10	0.8
온종일	10	10	1.0
올가을	10	10	1.0
올림픽	10	10	1.0
올여름	10	10	1.0
올해	10	10	1.0
옷차림	10	10	1.0
와이셔츠	10	10	1.0
와인	5	10	0.5
완성	8	10	0.8
완전	8	10	0.8
왕비	8	10	0.8
왕자	9	10	0.9
외갓집	10	10	1.0
외과	10	10	1.0
외교	9	10	0.9
외교관	7	10	0.7
외국	9	10	0.9
외국어	4	10	0.4
외국인	10	10	1.0
외로움	8	10	0.8
외모	9	10	0.9
외부	10	10	1.0
외삼촌	10	10	1.0
외아들	10	10	1.0
외제	10	10	1.0
외출	10	10	1.0
외침	6	10	0.6
외할머니	10	10	1.0
외할아버지	9	10	0.9
왼발	7	10	0.7
왼손	3	10	0.3
왼쪽	10	10	1.0
요구	9	10	0.9
요금	8	10	0.8
요리	3	10	0.3
요리사	7	10	0.7
요새	9	10	0.9
요일	9	10	0.9
요즈음	10	10	1.0
요즘	10	10	1.0
요청	5	10	0.5
욕실	9	10	0.9
욕심	8	10	0.8
용기	9	10	0.9
용도	7	10	0.7
용돈	10	10	1.0
용서	9	10	0.9
용어	6	10	0.6
우려	10	10	1.0
우리나라	7	10	0.7
우리말	6	10	0.6
우산	9	10	0.9
우승	10	10	1.0
우유	8	10	0.8
우정	10	10	1.0
우주	10	10	1.0
우체국	9	10	0.9
우편	10	10	1.0
우표	10	10	1.0
운동	10	10	1.0
운동복	10	10	1.0
운동장	8	10	0.8
운동화	10	10	1.0
운명	10	10	1.0
운반	9	10	0.9
운전	9	10	0.9
운전기사	7	10	0.7
운전사	6	10	0.6
운전자	9	10	0.9
운행	10	10	1.0
울산	10	10	1.0
울음	6	10	0.6
울음소리	4	10	0.4
움직임	10	10	1.0
웃어른	10	10	1.0
웃음	9	10	0.9
웃음소리	8	10	0.8
원고	9	10	0.9
원래	10	10	1.0
원서	5	10	0.5
원숭이	9	10	0.9
원인	9	10	0.9
원장	10	10	1.0
원피스	9	10	0.9
월급	10	10	1.0
월드컵	10	10	1.0
월세	9	10	0.9
월요일	10	10	1.0
웨이터	0	10	0.0
웬일	9	10	0.9
위기	6	10	0.6
위로	7	10	0.7
위반	9	10	0.9
위법	4	10	0.4
위성	8	10	0.8
위아래	10	10	1.0
위원	9	10	0.9
위원장	7	10	0.7
위주	7	10	0.7
위쪽	10	10	1.0
위층	10	10	1.0
위치	7	10	0.7
위험	10	10	1.0
위험성	9	10	0.9
위협	0	10	0.0
윗몸	6	10	0.6
윗사람	10	10	1.0
유교	8	10	0.8
유럽	10	10	1.0
유리	4	10	0.4
유리창	10	10	1.0
유머	9	10	0.9
유명	6	10	0.6
유물	10	10	1.0
유산	10	10	1.0
유월	6	10	0.6
유적	9	10	0.9
유적지	10	10	1.0
유치원	8	10	0.8
유학	10	10	1.0
유학생	10	10	1.0
유행	10	10	1.0
유형	10	10	1.0
육군	10	10	1.0
육상	10	10	1.0
육체	5	10	0.5
육체적	10	10	1.0
은행	10	10	1.0
은행나무	7	10	0.7
음력	10	10	1.0
음료	10	10	1.0
음료수	9	10	0.9
음반	10	10	1.0
음성	7	10	0.7
음식	8	10	0.8
음식물	8	10	0.8
음식점	8	10	0.8
음악	6	10	0.6
음악가	9	10	0.9
음주	10	10	1.0
의견	10	10	1.0
의논	7	10	0.7
의도	9	10	0.9
의도적	7	10	0.7
의류	10	10	1.0
의무	7	10	0.7
의문	10	10	1.0
의미	8	10	0.8
의복	10	10	1.0
의사	8	10	0.8
의식	8	10	0.8
의심	9	10	0.9
의욕	10	10	1.0
의원	10	10	1.0
의자	8	10	0.8
의지	10	10	1.0
의학	8	10	0.8
이것저것	10	10	1.0
이곳저곳	0	10	0.0
이날	10	10	1.0
이내	9	10	0.9
이념	10	10	1.0
이다음	9	10	0.9
이달	2	10	0.2
이데올로기	9	10	0.9
이동	8	10	0.8
이때	10	10	1.0
이력서	9	10	0.9
이론적	9	10	0.9
이름	10	10	1.0
이마	5	10	0.5
이모	9	10	0.9
이미지	7	10	0.7
이민	9	10	0.9
이발소	9	10	0.9
이번	8	10	0.8
이별	10	10	1.0
이불	9	10	0.9
이빨	5	10	0.5
이사	9	10	0.9
이사장	7	10	0.7
이상	8	10	0.8
이상적	10	10	1.0
이성	9	10	0.9
이슬	0	10	0.0
이야기	8	10	0.8
이외	7	10	0.7
이용	9	10	0.9
이용자	8	10	0.8
이웃	6	10	0.6
이웃집	10	10	1.0
이월	6	10	0.6
이유	10	10	1.0
이익	10	10	1.0
이자	9	10	0.9
이전	10	10	1.0
이제	10	10	1.0
이중	10	10	1.0
이튿날	10	10	1.0
이틀	10	10	1.0
이하	8	10	0.8
이해	9	10	0.9
이해관계	5	10	0.5
이혼	10	10	1.0
이후	10	10	1.0
인간	10	10	1.0
인간관계	6	10	0.6
인간성	7	10	0.7
인간적	9	10	0.9
인격	10	10	1.0
인공	9	10	0.9
인구	6	10	0.6
인근	8	10	0.8
인기	4	10	0.4
인도	7	10	0.7
인류	10	10	1.0
인물	10	10	1.0
인사	7	10	0.7
인사말	8	10	0.8
인삼	6	10	0.6
인삼차	4	10	0.4
인상	9	10	0.9
인상적	8	10	0.8
인생	9	10	0.9
인쇄	10	10	1.0
인연	10	10	1.0
인원	10	10	1.0
인재	9	10	0.9
인제	10	10	1.0
인종	8	10	0.8
인천	10	10	1.0
인천공항	10	10	1.0
인체	10	10	1.0
인터넷	10	10	1.0
인터뷰	10	10	1.0
인하	6	10	0.6
인형	7	10	0.7
일기	7	10	0.7
일등	9	10	0.9
일반	9	10	0.9
일반인	8	10	0.8
일반적	8	10	0.8
일본	7	10	0.7
일본어	5	10	0.5
일부	10	10	1.0
일상	8	10	0.8
일상생활	10	10	1.0
일상적	9	10	0.9
일생	10	10	1.0
일손	7	10	0.7
일시적	10	10	1.0
일식	8	10	0.8
일쑤	10	10	1.0
일요일	10	10	1.0
일월	6	10	0.6
일자	10	10	1.0
일자리	4	10	0.4
일정	10	10	1.0
일종	8	10	0.8
일주일	9	10	0.9
일체	8	10	0.8
일치	7	10	0.7
일행	10	10	1.0
일회용	6	10	0.6
일회용품	10	10	1.0
임금	8	10	0.8
임무	9	10	0.9
임시	7	10	0.7
임신	8	10	0.8
임신부	7	10	0.7
입구	9	10	0.9
입국	9	10	0.9
입대	8	10	0.8
입력	10	10	1.0
입맛	10	10	1.0
입사	9	10	0.9
입술	8	10	0.8
입시	8	10	0.8
입원	8	10	0.8
입장	8	10	0.8
입학	9	10	0.9
자가용	7	10	0.7
자격	10	10	1.0
자격증	10	10	1.0
자극	10	10	1.0
자기	9	10	0.9
자녀	10	10	1.0
자동	8	10	0.8
자동차	6	10	0.6
자랑	10	10	1.0
자료	10	10	1.0
자리	2	10	0.2
자매	6	10	0.6
자부심	10	10	1.0
자살	7	10	0.7
자세	10	10	1.0
자식	10	10	1.0
자신	10	10	1.0
자신감	10	10	1.0
자연	9	10	0.9
자연적	8	10	0.8
자연현상	10	10	1.0
자연환경	6	10	0.6
자원	9	10	0.9
자유	10	10	1.0
자율	10	10	1.0
자장면	10	10	1.0
자전거	9	10	0.9
자정	10	10	1.0
자존심	10	10	1.0
자체	8	10	0.8
자취	10	10	1.0
자판	10	10	1.0
자판기	9	10	0.9
작가	7	10	0.7
작년	10	10	1.0
작성	9	10	0.9
작업	10	10	1.0
작용	8	10	0.8
작은딸	10	10	1.0
작은아들	10	10	1.0
작은아버지	10	10	1.0
작은어머니	10	10	1.0
작품	10	10	1.0
잔디	10	10	1.0
잔디밭	10	10	1.0
잔치	5	10	0.5
잘못	10	10	1.0
잠깐	10	10	1.0
잠바	4	10	0.4
잠수함	10	10	1.0
잠시	6	10	0.6
잠옷	0	10	0.0
잠자리	5	10	0.5
잡지	10	10	1.0
장가	9	10	0.9
장갑	10	10	1.0
장관	7	10	0.7
장군	10	10	1.0
장기간	7	10	0.7
장기적	9	10	0.9
장난	10	10	1.0
장난감	10	10	1.0
장남	10	10	1.0
장래	10	10	1.0
장례	10	10	1.0
장례식	8	10	0.8
장르	10	10	1.0
장마	4	10	0.4
장면	10	10	1.0
장모	10	10	1.0
장모님	10	10	1.0
장미	8	10	0.8
장비	10	10	1.0
장사	6	10	0.6
장사꾼	10	10	1.0
장소	9	10	0.9
장수	10	10	1.0
장식	9	10	0.9
장애인	8	10	0.8
장인	10	10	1.0
장점	8	10	0.8
장학금	10	10	1.0
재능	4	10	0.4
재료	10	10	1.0
재미	7	10	0.7
재산	9	10	0.9
재생	9	10	0.9
재수	9	10	0.9
재작년	10	10	1.0
재정	10	10	1.0
재주	9	10	0.9
재즈	10	10	1.0
재채기	7	10	0.7
재판	10	10	1.0
재학	8	10	0.8
재활용	6	10	0.6
재활용품	10	10	1.0
저고리	2	10	0.2
저녁	10	10	1.0
저녁때	10	10	1.0
저번	10	10	1.0
저울	10	10	1.0
저자	7	10	0.7
저축	10	10	1.0
적극	10	10	1.0
적극적	7	10	0.7
적성	8	10	0.8
적용	5	10	0.5
적응	10	10	1.0
전개	10	10	1.0
전공	9	10	0.9
전구	9	10	0.9
전국	9	10	0.9
전국적	8	10	0.8
전기	6	10	0.6
전기밥솥	10	10	1.0
전날	10	10	1.0
전달	6	10	0.6
전라도	6	10	0.6
전망	10	10	1.0
전문	10	10	1.0
전문가	9	10	0.9
전문적	7	10	0.7
전문점	9	10	0.9
전문직	10	10	1.0
전반	8	10	0.8
전반적	9	10	0.9
전부	9	10	0.9
전선	10	10	1.0
전설	7	10	0.7
전세	10	10	1.0
전시	7	10	0.7
전시장	9	10	0.9
전시회	10	10	1.0
전용	7	10	0.7
전자	8	10	0.8
전쟁	10	10	1.0
전주	10	10	1.0
전철	10	10	1.0
전체	8	10	0.8
전체적	9	10	0.9
전통	10	10	1.0
전통문화	10	10	1.0
전통적	9	10	0.9
전화	10	10	1.0
전화기	9	10	0.9
전화번호	9	10	0.9
전환	5	10	0.5
전후	9	10	0.9
절대	6	10	0.6
절대적	9	10	0.9
절망	10	10	1.0
절반	9	10	0.9
절약	9	10	0.9
절차	7	10	0.7
젊은이	10	10	1.0
젊음	8	10	0.8
점검	10	10	1.0
점수	10	10	1.0
점심	9	10	0.9
점심때	10	10	1.0
점심시간	9	10	0.9
점원	8	10	0.8
접근	9	10	0.9
접시	8	10	0.8
접촉	10	10	1.0
젓가락	10	10	1.0
정거장	8	10	0.8
정기	7	10	0.7
정기적	7	10	0.7
정답	10	10	1.0
정당	10	10	1.0
정도	8	10	0.8
정류장	7	10	0.7
정리	4	10	0.4
정말	7	10	0.7
정면	10	10	1.0
정문	8	10	0.8
정반대	9	10	0.9
정보	8	10	0.8
정보화	10	10	1.0
정부	9	10	0.9
정비	8	10	0.8
정상	9	10	0.9
정상적	9	10	0.9
정성	7	10	0.7
정식	8	10	0.8
정신	9	10	0.9
정신과	10	10	1.0
정신적	8	10	0.8
정오	8	10	0.8
정원	10	10	1.0
정장	8	10	0.8
정지	9	10	0.9
정치	7	10	0.7
정치권	10	10	1.0
정치인	9	10	0.9
정치적	10	10	1.0
정치학	10	10	1.0
제공	9	10	0.9
제과점	8	10	0.8
제도적	8	10	0.8
제목	7	10	0.7
제비	8	10	0.8
제사	5	10	0.5
제삿날	10	10	1.0
제시	9	10	0.9
제안	8	10	0.8
제약	10	10	1.0
제의	10	10	1.0
제일	10	10	1.0
제자	9	10	0.9
제자리	6	10	0.6
제작	7	10	0.7
제주도	8	10	0.8
제출	10	10	1.0
제품	10	10	1.0
제한	8	10	0.8
조각	10	10	1.0
조개	9	10	0.9
조건	10	10	1.0
조금	8	10	0.8
조기	8	10	0.8
조깅	10	10	1.0
조명	7	10	0.7
조미료	10	10	1.0
조사	8	10	0.8
조상	10	10	1.0
조선	7	10	0.7
조절	10	10	1.0
조정	10	10	1.0
조직	10	10	1.0
조카	7	10	0.7
존댓말	7	10	0.7
존재	8	10	0.8
졸업	10	10	1.0
졸업생	9	10	0.9
졸음	9	10	0.9
종교	10	10	1.0
종교적	9	10	0.9
종로	6	10	0.6
종류	10	10	1.0
종소리	6	10	0.6
종업원	8	10	0.8
종이	10	10	1.0
종이컵	10	10	1.0
종일	10	10	1.0
종합	7	10	0.7
좌석	10	10	1.0
좌우	10	10	1.0
죄인	8	10	0.8
주거	8	10	0.8
주관적	8	10	0.8
주름	10	10	1.0
주름살	6	10	0.6
주말	8	10	0.8
주머니	10	10	1.0
주먹	10	10	1.0
주문	8	10	0.8
주민	10	10	1.0
주방	8	10	0.8
주변	10	10	1.0
주부	9	10	0.9
주사	10	10	1.0
주소	10	10	1.0
주스	9	10	0.9
주식	8	10	0.8
주요	9	10	0.9
주위	8	10	0.8
주의	10	10	1.0
주인	10	10	1.0
주인공	9	10	0.9
주장	9	10	0.9
주전자	8	10	0.8
주제	10	10	1.0
주차	4	10	0.4
주차장	8	10	0.8
주택	10	10	1.0
주한	7	10	0.7
죽음	10	10	1.0
준비	9	10	0.9
준비물	9	10	0.9
줄거리	5	10	0.5
줄기	8	10	0.8
줄무늬	10	10	1.0
중간	7	10	0.7
중계방송	10	10	1.0
중국	9	10	0.9
중국어	8	10	0.8
중국집	10	10	1.0
중년	10	10	1.0
중단	10	10	1.0
중독	10	10	1.0
중반	10	10	1.0
중부	10	10	1.0
중세	10	10	1.0
중소기업	10	10	1.0
중순	10	10	1.0
중식	9	10	0.9
중심	9	10	0.9
중심지	10	10	1.0
중앙	10	10	1.0
중요	9	10	0.9
중요성	8	10	0.8
중학교	10	10	1.0
중학생	10	10	1.0
즉석	10	10	1.0
즉시	8	10	0.8
즐거움	9	10	0.9
증가	8	10	0.8
증거	7	10	0.7
증권	9	10	0.9
증권사	8	10	0.8
증상	9	10	0.9
증세	10	10	1.0
지각	10	10	1.0
지갑	10	10	1.0
지구	10	10	1.0
지금	9	10	0.9
지급	10	10	1.0
지난날	10	10	1.0
지난달	6	10	0.6
지난번	10	10	1.0
지난주	10	10	1.0
지난해	10	10	1.0
지능	5	10	0.5
지대	10	10	1.0
지도	5	10	0.5
지도자	9	10	0.9
지름길	10	10	1.0
지리산	9	10	0.9
지방	8	10	0.8
지붕	10	10	1.0
지속적	7	10	0.7
지시	7	10	0.7
지식	9	10	0.9
지식인	8	10	0.8
지역	10	10	1.0
지우개	10	10	1.0
지원	9	10	0.9
지위	10	10	1.0
지적	7	10	0.7
지점	9	10	0.9
지지	9	10	0.9
지진	7	10	0.7
지출	10	10	1.0
지폐	10	10	1.0
지하	9	10	0.9
지하도	7	10	0.7
지하철	10	10	1.0
지혜	8	10	0.8
직선	8	10	0.8
직업	10	10	1.0
직원	9	10	0.9
직장	8	10	0.8
직장인	7	10	0.7
직전	10	10	1.0
직접	8	10	0.8
직접적	7	10	0.7
직후	9	10	0.9
진급	10	10	1.0
진단	10	10	1.0
진달래	10	10	1.0
진동	9	10	0.9
진로	4	10	0.4
진료	10	10	1.0
진리	4	10	0.4
진실	6	10	0.6
진심	6	10	0.6
진짜	10	10	1.0
진찰	10	10	1.0
진출	10	10	1.0
진통	10	10	1.0
진행	10	10	1.0
진행자	10	10	1.0
질문	10	10	1.0
질병	10	10	1.0
질서	10	10	1.0
질적	9	10	0.9
짐작	9	10	0.9
집단	10	10	1.0
집단적	9	10	0.9
집안	9	10	0.9
집안일	10	10	1.0
집중	10	10	1.0
집중적	9	10	0.9
짜증	10	10	1.0
찌개	10	10	1.0
찌꺼기	8	10	0.8
차남	9	10	0.9
차량	10	10	1.0
차례	10	10	1.0
차림	10	10	1.0
차별	10	10	1.0
차선	10	10	1.0
차이	9	10	0.9
차이점	8	10	0.8
차창	7	10	0.7
착각	10	10	1.0
찬물	9	10	0.9
찬성	9	10	0.9
참가	9	10	0.9
참기름	10	10	1.0
참새	7	10	0.7
참석	10	10	1.0
참석자	9	10	0.9
참여	9	10	0.9
참외	8	10	0.8
참조	8	10	0.8
찻잔	9	10	0.9
창가	8	10	0.8
창고	9	10	0.9
창구	8	10	0.8
창문	10	10	1.0
창밖	10	10	1.0
창작	7	10	0.7
창조	7	10	0.7
창조적	10	10	1.0
채널	10	10	1.0
채소	8	10	0.8
채점	9	10	0.9
책가방	9	10	0.9
책방	8	10	0.8
책상	9	10	0.9
책임	10	10	1.0
책임감	10	10	1.0
책임자	8	10	0.8
챔피언	6	10	0.6
처녀	10	10	1.0
처리	6	10	0.6
처벌	10	10	1.0
처음	6	10	0.6
처지	10	10	1.0
천국	9	10	0.9
천둥	10	10	1.0
천장	5	10	0.5
천재	8	10	0.8
철도	8	10	0.8
철학	6	10	0.6
철학자	8	10	0.8
철학적	8	10	0.8
첫날	10	10	1.0
청년	10	10	1.0
청바지	8	10	0.8
청소	10	10	1.0
청소기	10	10	1.0
청소년	10	10	1.0
청춘	10	10	1.0
체계적	9	10	0.9
체력	10	10	1.0
체온	10	10	1.0
체육	10	10	1.0
체육관	10	10	1.0
체조	9	10	0.9
체중	8	10	0.8
체험	10	10	1.0
초기	7	10	0.7
초대	10	10	1.0
초등학교	10	10	1.0
초등학생	9	10	0.9
초록색	6	10	0.6
초반	8	10	0.8
초밥	2	10	0.2
초보	9	10	0.9
초보자	8	10	0.8
초상화	10	10	1.0
초순	10	10	1.0
초여름	10	10	1.0
초원	8	10	0.8
초저녁	10	10	1.0
초점	5	10	0.5
초청	6	10	0.6
초청장	9	10	0.9
초콜릿	10	10	1.0
촛불	10	10	1.0
총각	10	10	1.0
총리	7	10	0.7
총장	7	10	0.7
촬영	7	10	0.7
최고	9	10	0.9
최고급	10	10	1.0
최근	9	10	0.9
최대	9	10	0.9
최대한	6	10	0.6
최상	9	10	0.9
최선	9	10	0.9
최소	9	10	0.9
최소한	10	10	1.0
최신	10	10	1.0
최악	3	10	0.3
최저	6	10	0.6
최종	8	10	0.8
최초	7	10	0.7
최후	8	10	0.8
추가	7	10	0.7
추석	10	10	1.0
추억	10	10	1.0
추위	7	10	0.7
추진	9	10	0.9
추천	10	10	1.0
추측	10	10	1.0
축구	8	10	0.8
축구공	9	10	0.9
축구장	8	10	0.8
축소	8	10	0.8
축제	10	10	1.0
축하	7	10	0.7
출구	9	10	0.9
출국	10	10	1.0
출근	8	10	0.8
출발	5	10	0.5
출발점	10	10	1.0
출산	10	10	1.0
출신	8	10	0.8
출연	10	10	1.0
출입	8	10	0.8
출입국	7	10	0.7
출입문	8	10	0.8
출장	7	10	0.7
출퇴근	10	10	1.0
출판	10	10	1.0
출판사	8	10	0.8
충격	10	10	1.0
충격적	8	10	0.8
충고	9	10	0.9
충돌	10	10	1.0
충청도	9	10	0.9
취미	10	10	1.0
취소	10	10	1.0
취업	10	10	1.0
취재	8	10	0.8
취직	10	10	1.0
취향	10	10	1.0
치과	10	10	1.0
치료	10	10	1.0
치료법	3	10	0.3
치마	5	10	0.5
치아	4	10	0.4
치약	7	10	0.7
치즈	10	10	1.0
친구	8	10	0.8
친절	9	10	0.9
친정	10	10	1.0
친척	10	10	1.0
칠월	4	10	0.4
칠판	10	10	1.0
침대	10	10	1.0
침묵	10	10	1.0
침실	9	10	0.9
칫솔	10	10	1.0
칭찬	10	10	1.0
카드	10	10	1.0
카레	7	10	0.7
카메라	7	10	0.7
카운터	0	10	0.0
카페	10	10	1.0
칼국수	10	10	1.0
캐나다	9	10	0.9
캐릭터	0	10	0.0
캠퍼스	9	10	0.9
캠페인	8	10	0.8
커튼	10	10	1.0
커피	8	10	0.8
컨디션	10	10	1.0
컬러	10	10	1.0
컴퓨터	0	10	0.0
케첩	10	10	1.0
코끝	10	10	1.0
코끼리	2	10	0.2
코너	10	10	1.0
코드	10	10	1.0
코미디	9	10	0.9
코스	8	10	0.8
코스모스	10	10	1.0
코치	6	10	0.6
코트	0	10	0.0
코피	8	10	0.8
콘서트	0	10	0.0
콜라	6	10	0.6
콤플렉스	8	10	0.8
콩나물	9	10	0.9
쾌감	10	10	1.0
쿠데타	8	10	0.8
크기	8	10	0.8
크리스마스	9	10	0.9
크림	10	10	1.0
큰길	10	10	1.0
큰딸	10	10	1.0
큰소리	6	10	0.6
큰아들	10	10	1.0
큰아버지	10	10	1.0
큰어머니	10	10	1.0
큰일	8	10	0.8
큰절	8	10	0.8
클래식	8	10	0.8
클럽	10	10	1.0
키스	5	10	0.5
타락	10	10	1.0
타입	9	10	0.9
타자기	7	10	0.7
탁구	5	10	0.5
탁자	9	10	0.9
탄생	10	10	1.0
태권도	8	10	0.8
태도	9	10	0.9
태아	5	10	0.5
태양	10	10	1.0
태풍	8	10	0.8
택시	9	10	0.9
탤런트	0	10	0.0
터널	10	10	1.0
터미널	10	10	1.0
테니스	8	10	0.8
테러	10	10	1.0
테스트	0	10	0.0
테이블	10	10	1.0
테이프	5	10	0.5
텍스트	0	10	0.0
텔레비전	10	10	1.0
토끼	10	10	1.0
토대	10	10	1.0
토론	10	10	1.0
토론자	8	10	0.8
토론회	10	10	1.0
토마토	7	10	0.7
토요일	10	10	1.0
통계	7	10	0.7
통과	10	10	1.0
통로	6	10	0.6
통신	8	10	0.8
통역	10	10	1.0
통일	10	10	1.0
통장	7	10	0.7
통제	10	10	1.0
통증	10	10	1.0
통합	5	10	0.5
통화	10	10	1.0
퇴근	10	10	1.0
퇴원	9	10	0.9
퇴직금	10	10	1.0
투자	8	10	0.8
투표	9	10	0.9
튀김	10	10	1.0
트럭	10	10	1.0
특급	10	10	1.0
특별	10	10	1.0
특성	9	10	0.9
특수	9	10	0.9
특수성	9	10	0.9
특징	10	10	1.0
티브이	9	10	0.9
티셔츠	10	10	1.0
파도	9	10	0.9
파란색	3	10	0.3
파리	9	10	0.9
파일	10	10	1.0
파출소	9	10	0.9
파티	5	10	0.5
판결	10	10	1.0
판단	10	10	1.0
판매	6	10	0.6
판사	8	10	0.8
팔월	5	10	0.5
팝송	10	10	1.0
패션	10	10	1.0
팩스	8	10	0.8
팩시밀리	6	10	0.6
팬티	4	10	0.4
페인트	0	10	0.0
편견	10	10	1.0
편의	8	10	0.8
편의점	10	10	1.0
편지	9	10	0.9
평가	4	10	0.4
평균	10	10	1.0
평상시	9	10	0.9
평생	10	10	1.0
평소	10	10	1.0
평양	10	10	1.0
평일	9	10	0.9
평화	10	10	1.0
폐지	10	10	1.0
포도	9	10	0.9
포도주	9	10	0.9
포스터	0	10	0.0
포인트	0	10	0.0
포장	6	10	0.6
포장마차	8	10	0.8
포크	3	10	0.3
포함	10	10	1.0
폭력	10	10	1.0
표면	10	10	1.0
표시	10	10	1.0
표정	10	10	1.0
표준	10	10	1.0
표현	10	10	1.0
품목	5	10	0.5
품질	10	10	1.0
풍경	7	10	0.7
풍속	10	10	1.0
풍습	10	10	1.0
프랑스	9	10	0.9
프로	4	10	0.4
프로그램	10	10	1.0
프린터	0	10	0.0
플라스틱	10	10	1.0
피곤	10	10	1.0
피디	9	10	0.9
피로	6	10	0.6
피망	10	10	1.0
피부	10	10	1.0
피시	9	10	0.9
피아노	6	10	0.6
피자	9	10	0.9
피해	10	10	1.0
피해자	9	10	0.9
필름	10	10	1.0
필수	10	10	1.0
필수적	9	10	0.9
필연적	8	10	0.8
필요	9	10	0.9
필요성	6	10	0.6
필자	8	10	0.8
필통	9	10	0.9
핑계	5	10	0.5
하나	9	10	0.9
하나님	10	10	1.0
하나하나	7	10	0.7
하느님	10	10	1.0
하늘	10	10	1.0
하드웨어	6	10	0.6
하루	10	10	1.0
하룻밤	4	10	0.4
하반기	10	10	1.0
하숙집	10	10	1.0
하순	10	10	1.0
하얀색	5	10	0.5
하천	9	10	0.9
하품	10	10	1.0
학과	10	10	1.0
학교	10	10	1.0
학교생활	10	10	1.0
학급	10	10	1.0
학기	8	10	0.8
학년	10	10	1.0
학력	10	10	1.0
학번	9	10	0.9
학부모	8	10	0.8
학비	9	10	0.9
학생	10	10	1.0
학생증	10	10	1.0
학술	10	10	1.0
학습	10	10	1.0
학용품	10	10	1.0
학원	8	10	0.8
학위	10	10	1.0
학자	9	10	0.9
학점	9	10	0.9
한가운데	10	10	1.0
한강	10	10	1.0
한겨울	10	10	1.0
한계	6	10	0.6
한구석	10	10	1.0
한국	10	10	1.0
한국말	5	10	0.5
한국어	5	10	0.5
한국적	7	10	0.7
한글	10	10	1.0
한글날	10	10	1.0
한낮	10	10	1.0
한눈	9	10	0.9
한동안	8	10	0.8
한때	10	10	1.0
한라산	9	10	0.9
한마디	9	10	0.9
한문	9	10	0.9
한반도	7	10	0.7
한밤중	8	10	0.8
한번	10	10	1.0
한복	10	10	1.0
한순간	9	10	0.9
한숨	10	10	1.0
한식	9	10	0.9
한여름	10	10	1.0
한자	7	10	0.7
한잔	8	10	0.8
한쪽	10	10	1.0
한참	7	10	0.7
한편	10	10	1.0
한평생	9	10	0.9
할머니	10	10	1.0
할아버지	9	10	0.9
할인	9	10	0.9
합격	10	10	1.0
합리적	8	10	0.8
항공	10	10	1.0
항공기	8	10	0.8
항구	9	10	0.9
항의	9	10	0.9
해결	10	10	1.0
해군	10	10	1.0
해답	10	10	1.0
해당	10	10	1.0
해물	7	10	0.7
해석	10	10	1.0
해설	8	10	0.8
해소	10	10	1.0
해수욕장	8	10	0.8
해안	8	10	0.8
해외	10	10	1.0
해외여행	10	10	1.0
핵심	5	10	0.5
핸드백	10	10	1.0
핸드폰	10	10	1.0
햄버거	10	10	1.0
햇볕	10	10	1.0
햇빛	0	10	0.0
햇살	7	10	0.7
행동	9	10	0.9
행복	9	10	0.9
행사	7	10	0.7
행운	10	10	1.0
행위	7	10	0.7
향기	9	10	0.9
향상	9	10	0.9
향수	9	10	0.9
허가	9	10	0.9
허락	10	10	1.0
허리	4	10	0.4
허용	8	10	0.8
헬기	9	10	0.9
현관	7	10	0.7
현관문	10	10	1.0
현금	9	10	0.9
현대	9	10	0.9
현대인	8	10	0.8
현대적	8	10	0.8
현상	10	10	1.0
현실	6	10	0.6
현실적	6	10	0.6
현장	8	10	0.8
현재	8	10	0.8
현지	10	10	1.0
혈액	10	10	1.0
협력	10	10	1.0
형님	10	10	1.0
형부	10	10	1.0
형사	9	10	0.9
형성	8	10	0.8
형수	9	10	0.9
형식	7	10	0.7
형식적	10	10	1.0
형제	10	10	1.0
형태	10	10	1.0
형편	10	10	1.0
혜택	10	10	1.0
호기심	9	10	0.9
호남	8	10	0.8
호랑이	9	10	0.9
호박	10	10	1.0
호수	10	10	1.0
호실	9	10	0.9
호주	10	10	1.0
호주머니	10	10	1.0
호텔	10	10	1.0
호흡	10	10	1.0
혼자	9	10	0.9
혼잣말	8	10	0.8
홈페이지	8	10	0.8
홍보	10	10	1.0
홍수	8	10	0.8
홍차	6	10	0.6
화가	8	10	0.8
화면	10	10	1.0
화분	8	10	0.8
화살	5	10	0.5
화요일	10	10	1.0
화장	9	10	0.9
화장실	9	10	0.9
화장지	9	10	0.9
화장품	10	10	1.0
화재	7	10	0.7
화제	10	10	1.0
화학	10	10	1.0
확보	9	10	0.9
확신	9	10	0.9
확인	8	10	0.8
확장	7	10	0.7
확정	10	10	1.0
환갑	10	10	1.0
환경	9	10	0.9
환경오염	0	10	0.0
환영	7	10	0.7
환율	10	10	1.0
환자	10	10	1.0
활기	8	10	0.8
활동	10	10	1.0
활용	9	10	0.9
회견	10	10	1.0
회관	6	10	0.6
회복	10	10	1.0
회사	8	10	0.8
회색	5	10	0.5
회원	7	10	0.7
회의	10	10	1.0
회장	8	10	0.8
회전	10	10	1.0
회화	10	10	1.0
횟수	9	10	0.9
횡단보도	6	10	0.6
효과	10	10	1.0
효과적	7	10	0.7
효도	8	10	0.8
효율적	9	10	0.9
효자	8	10	0.8
후기	9	10	0.9
후반	9	10	0.9
후배	7	10	0.7
후보	8	10	0.8
후춧가루	10	10	1.0
후회	10	10	1.0
훈련	10	10	1.0
휴가	5	10	0.5
휴식	8	10	0.8
휴일	10	10	1.0
휴지	8	10	0.8
휴지통	9	10	0.9
흉내	8	10	0.8
흐름	10	10	1.0
흑백	10	10	1.0
흑인	6	10	0.6
흔적	7	10	0.7
흥미	7	10	0.7
흥분	9	10	0.9
희곡	10	10	1.0
희망	10	10	1.0
희생	10	10	1.0
흰색	5	10	0.5
