0.908
1
0.83
0.854
1
0.546
0.815
0.518
0.805
0.901
1
0.643
1
0.906
0.79
0.85
0.918
0.844
1
0.965
0.89
1
0.722
1
1
0.82
0.829
0.754
0.991
0.784
1
1
0.887
0.769
0.696
0.711
1
1
0.934
0.757
0.828
0.805
1
0.875
1
0.771
0.802
0.656
0.733
1
0.791
0.772
0.811
0.836
1
0.495
1
0.988
0.855
0.841
0.892
0.765
0.795
0.843
0.88
0.826
1
0.841
0.98
0.78
0.818
1
0.817
0.913
1
0.641
0.764
1
0.891
0.825
0.919
0.982
0.857
0.907
0.83
0.494
0.521
0.798
0.892
1
0.923
0.813
0.82
0.76
0.749
0.511
0.765
1
1
1
0.612
1
0.983
0.879
1
0.985
0.902
0.918
0.755
0.872
1
0.844
0.811
0.784
0.493
0.504
0.707
1
1
1
1
0.836
0.968
0.997
0.769
0.949
1
1
0.956
0.85
0.989
1
0.771
0.681
0.794
0.849
0.834
0.792
1
1
0.829
0.832
0.818
0.88
1
1
0.984
1
0.761
0.791
0.92
1
0.709
0.784
0.673
1
1
1
0.908
1
0.903
0.855
0.83
0.952
0.901
1
1
0.996
1
0.951
1
0.663
1
1
0.854
0.948
0.887
1
0.812
0.874
0.932
0.822
0.88
0.939
0.498
0.856
0.864
0.78
0.93
1
0.67
0.747
1
0.953
1
1
0.76
0.671
1
0.844
0.678
0.754
0.788
1
0.803
0.993
1
0.919
1
1
0.831
0.896
0.859
0.875
0.797
0.777
0.768
1
0.931
0.767
0.872
0.791
0.913
0.893
0.981
0.799
0.985
0.953
0.733
0.784
0.874
1
0.856
0.967
0.938
0.773
0.662
0.791
0.93
0.824
0.767
0.988
0.983
0.779
0.827
0.718
1
0.705
0.823
1
1
0.854
0.909
1
1
1
1
0.49
1
0.835
0.778
0.78
1
0.759
0.784
0.778
0.908
0.922
0.791
0.744
0.877
1
0.932
0.965
0.802
0.916
0.781
0.75
0.79
0.97
0.831
0.808
0.763
0.76
0.988
0.721
0.946
0.816
0.887
0.697
0.995
0
0.74
0.587
1
1
1
0.799
1
1
0.825
0.959
1
0.489
0.836
0.872
0.492
0.77
0.772
0.753
0.839
0.744
0.905
0.789
1
0.905
0.841
0.747
0.796
0.894
0.911
0.582
1
0.751
0.975
0.891
0.757
0.961
0.998
0.847
0.877
0.748
0.843
0.761
0.486
0.726
1
0.764
0.954
0.913
0.952
0.794
0.986
1
0.777
0.869
0.784
1
1
0.82
0.805
1
1
1
1
0.912
1
0.823
0.864
1
0.936
0.85
0.96
0.968
0.762
0.783
0.784
0.954
1
0.487
0.821
0.712
0.867
0.76
0.856
0.961
0.79
0.847
0
0.813
0.911
0.795
1
0.528
1
0.92
0.928
0.903
0.765
0.774
0.666
0.708
0.809
0.877
1
0.937
1
0.524
0.862
0.846
0.937
0.978
1
1
0.482
0.859
0.766
0.824
1
0.772
0.824
0.861
0.79
0.902
0.823
1
1
0.806
0.833
0.962
0.999
0.876
0.92
0.821
0.746
1
0.648
0.812
0.746
0.669
0.674
0.77
1
0.997
1
0.847
1
0.766
0.989
0.76
0.52
0.853
0.233
0.672
0.995
1
0.869
1
0.499
0.663
0.855
0
0.824
0.854
0.959
0.505
0.659
0.841
0
1
0.876
0.959
0.876
0.764
0.9
0.714
0.925
0.903
1
0.83
0.844
0.854
0.865
1
1
0.802
1
0.88
0.488
0.904
0.992
0
0.774
1
0.916
0.769
0.887
0.625
0.803
0.857
0.669
0.901
0.822
0.818
1
0.991
0.893
0.845
0.594
0.997
1
0.493
0.869
0.774
0.802
0.91
0.931
0.761
1
0.859
0.614
0.907
0.874
0.929
0.898
0.802
0.761
0.496
0.85
0.894
0.808
0.498
1
0.909
0.488
1
0.905
0.831
0
0.478
0.808
0.643
0.976
0.497
0.739
0.918
1
0.846
0
0.819
0.967
0.835
0.874
0.79
0.915
0.92
1
0.759
1
0.848
0.844
0.761
1
0.833
0.912
1
0
1
0.817
0.836
1
1
0.874
0.78
1
1
0.486
0.887
0.898
0.836
0.817
0
1
0.994
0.675
0.983
0.843
1
1
0.576
0.738
0.811
0.873
0.736
0.667
0.985
0.945
1
1
1
0.861
0
0.843
1
0.835
0.806
0.869
1
1
0.771
0.595
0.884
0.779
0.782
0.762
0.987
0.856
0.796
0.833
1
1
0.903
0.961
0.814
1
1
0.92
0.819
0.831
0.78
0.677
0.835
0.905
1
0.83
0.928
0.641
0.884
0.949
0.965
0.745
0.984
0.991
1
0.94
0.753
0.793
0.943
0.9
0.518
0.873
0.864
0.942
0.797
0.881
0.971
0.997
0.711
0.828
1
0.535
0
0.84
0.889
1
0.488
0.672
1
0.684
0.816
1
0.836
0.929
0.618
0.808
0.853
0.764
0.918
0.879
1
1
0.986
1
0.805
0.927
0.585
0.783
0.868
0.794
0.848
1
0.921
0.768
1
0.924
0.868
0.875
0.908
0.804
0.675
0.804
0.513
0.812
0.763
0.829
0.932
0.62
0.925
1
0.876
0.869
0.994
0.967
0.98
0.891
0.86
0.752
0.997
1
1
0.919
0.865
0.954
0.914
1
0.987
0.697
1
0.929
0.897
0.635
1
0.878
1
0.892
0.515
0.788
0.66
1
0.845
1
0.853
0.836
1
0.951
1
0.941
0.865
1
1
0.781
0.929
1
1
0
0.838
1
0.592
1
1
1
0.685
0.696
1
1
0.491
0.59
1
0.798
1
1
0.912
1
1
1
0.493
0.899
0.833
1
1
0.812
1
0.955
0
0.671
0.881
1
0.885
1
0.648
0.514
0.739
0.823
0.602
0.981
0.833
0.929
0.825
1
0.976
0.763
0.837
1
1
0.717
0.987
1
1
1
0.949
0.794
0.716
0.918
0.492
0.594
1
1
0.952
0.866
0.903
0.892
0.836
0.892
0.94
0.481
0.934
0.956
0.734
0.653
0.683
0.878
1
0.604
0.988
0.928
0.962
0.905
1
0.844
0
1
0.58
1
0.523
0.951
1
0.786
1
0.823
1
0.856
0.854
1
0.781
0.503
1
0.928
1
1
0.77
0.935
0.629
0.904
0.496
0.942
1
0.954
0.789
0.924
0.82
0.959
0.85
1
0.862
0.742
1
1
1
0.478
1
0.818
0.778
0.995
0.804
1
0.483
0.807
0.823
0.784
0.976
0.791
0.796
0.764
0.966
0.766
0.749
0.765
0.943
0.827
0.863
0.857
1
0.767
0.962
0.811
0.952
0.741
0.728
0.95
1
0.595
1
0.89
0.934
0.88
0.914
0.698
0.86
1
0.783
0.91
0.844
1
1
0.8
0.948
1
0.915
0.916
0.961
0.821
1
1
0.917
1
1
1
0.819
1
0.867
1
0.752
0.909
1
0.851
0.728
0.861
1
0.915
1
1
0.694
0.774
0.901
0.843
0.871
0.981
0.644
0.925
0.745
0.823
1
0.762
1
0.909
1
0.679
1
0.833
1
1
1
0.499
0.793
0.462
0.685
1
0.877
0.833
0.944
0.924
1
0.933
1
0.588
0.513
0.865
1
1
1
0.838
1
0.931
0.918
1
0.498
0.932
0.956
0.742
0.788
0.793
1
0.897
0.786
0.953
1
0.752
0.839
1
0.527
1
0.885
0.813
0.69
0.695
0.696
0.905
0.47
0.814
0.824
0.986
0.804
1
1
1
0.83
0
1
0.996
1
0.891
0.777
0.856
0.482
0.734
0.853
1
1
0.867
0.752
1
0.989
1
0.689
0
0.725
0.882
0.765
0.907
0.799
0.965
0.821
0.756
0.944
0.788
0.534
0.854
0.786
0.803
0.695
0.836
0.853
0.508
1
1
0.505
0.858
0.912
0.751
0.81
0.868
0.778
0.92
0.859
1
0.956
0.764
1
0.78
0.827
0.774
0.857
0.588
1
0.833
0.242
0.74
1
0.887
0.793
0.819
0.818
0.974
1
0.927
1
0.776
0.899
1
0.893
0.903
0.964
0.876
0.907
0.814
1
0.902
0.877
0.827
0.782
0.892
0.85
0.8
1
0.736
0.84
0.841
0.807
1
0.781
0.754
0.982
0.767
1
0.691
0.799
0.742
1
1
0.875
0.772
0.884
1
0.768
0.803
1
0.502
1
1
0.86
0.875
0.483
0.855
0.953
0.527
0.893
0.512
0
0.813
1
0.98
0.988
0.997
1
0.859
0.944
1
1
1
1
0.891
0.83
0.786
0.881
0.755
0
1
0.241
0.842
0.782
0.817
1
0.857
0.843
1
0.739
0.996
0.856
0.783
1
0.907
1
0.84
1
0.488
1
0.501
0.926
0.949
0.805
0.996
0.876
0.861
1
1
1
1
1
1
1
0.721
0.896
0.794
0.977
0.919
0.893
0.84
0.935
0.741
1
0.816
1
0.754
0.841
0.787
0.82
0.872
0.499
0.733
0.857
0.862
0.831
0.784
0.939
0.985
0.732
0.856
1
0.85
1
0.525
0.934
0.996
0.937
0.846
0.751
0.929
0.777
1
1
0.995
0.875
0.957
1
0.99
1
0.849
1
0.948
0.481
1
0.696
0.868
0.964
1
0.892
0.875
0.908
0.825
0.752
0.99
1
0.836
0.835
1
0.775
1
0.838
0.83
0.823
0.761
0.747
0.666
1
0.938
1
1
1
1
0.52
0.884
0.954
1
0.86
0.679
0.981
0.857
0.733
0.896
0.927
0.907
1
0.819
0.895
0.906
0.939
0.927
0.876
1
1
0.711
1
0.855
1
0.49
1
0.751
0.815
0.856
0.848
0.772
0.829
1
1
0.757
0.776
1
0.502
0.766
0.93
0.755
0.907
0.814
0.904
1
0.885
0.844
0.761
0.933
0.731
0.956
1
0.869
0.889
1
1
0.741
0.921
0.911
0.669
1
0
1
0.74
0.917
0.738
1
0.78
1
0.837
0.763
0.762
0.962
1
0.664
0.676
0.753
0.847
0.848
0.89
0.474
0.839
0.831
0.893
0.524
0.987
1
1
0.856
0.893
0
0
0.997
0.8
0.757
0.85
0.856
0.744
1
1
1
0.506
1
0.622
0.919
0.84
0.85
0.754
0.775
0.949
0.913
0.837
0.892
0.801
0.994
0.803
0.862
0.911
0.822
0.818
0.744
0.919
1
0.959
1
0.864
0.942
0.585
0.875
0.974
0.95
0.828
0.815
0
1
1
1
1
0.81
0.685
1
0.753
1
0.924
0.791
0.837
0.881
0.958
1
0.963
0
0.917
0.862
0.985
0.846
1
0.944
0.789
1
0.866
0.831
0.95
0.911
0.902
0.759
0.94
0.725
1
0.845
1
0.915
1
0
0.84
0.783
0.862
0.939
0.824
1
0.721
1
1
0.99
1
0.939
0.876
0.796
0.886
0.854
1
0.897
0.975
0.796
0.747
0.812
0.899
0.803
0.764
1
1
0.487
0.685
1
0.816
1
1
0.473
0.946
0
0.67
0
0.669
1
0.778
0.663
0.934
0.794
0.824
1
1
0.668
0.856
1
0.509
0.882
0.635
0.755
0.986
0.798
0.68
0.982
0.669
0.865
0.765
0.756
0.842
0.876
0.761
1
0.817
0.937
1
1
0
0.848
0.825
0.922
0.756
1
0.889
1
1
0.801
0.852
0.478
0.714
0.847
0.937
0.593
0.77
0.96
0.779
0.871
1
1
0.499
1
0.853
0.469
1
0.826
0.832
1
1
1
0.917
1
0.768
0.941
1
0.928
0.828
1
1
0.795
0.761
0.801
0.726
1
0.764
1
0.923
0.786
0.911
0.741
0.869
0.834
0.853
0.77
0.747
0.982
0.865
0.808
0.836
0.87
1
0.494
0.795
0.75
0.731
0.755
0.787
0.86
0.997
0.955
0.989
0.779
1
1
1
0.898
1
0.811
0.784
0.982
0.98
0.757
0.977
0.731
1
0
1
0.995
0.497
0.776
1
0.785
0.783
0.986
1
0.513
0.528
1
0.925
1
0.874
0.837
0.96
1
1
1
0
0.846
0.955
0.797
0.752
1
1
1
1
1
1
0
1
1
0.891
1
0.916
0
0.552
0.869
0.59
1
0
1
0.648
0.663
0
0.711
1
0.841
1
0.902
0.995
0.735
0.998
0.755
0.887
0.903
0.879
0.935
0.98
0.922
1
1
1
0.261
0.821
1
1
1
1
0.406
0.917
0.862
1
0.832
0.984
0.836
0.478
0.917
0.936
0.816
0.832
0.775
0.882
0.812
0.647
0.785
0.94
0.943
0.903
0.811
1
1
0.825
0.944
1
1
0.593
0.677
0.857
0.965
0.664
0.754
0.825
0.956
0.927
1
1
0.871
1
1
0.926
1
0.849
0.982
0.836
1
1
1
1
0.976
0.561
1
0.872
1
0.6
1
0.666
0.777
0.822
0.662
0.716
0.816
0.732
0.871
1
0.498
0.891
0
0.737
0
0.764
0.952
0.893
0.682
1
0.941
0.852
0.886
0.889
1
1
1
1
0.827
1
0.896
0.923
0.83
0.84
0.883
0.9
0.99
0.76
0.765
0.776
0.849
0.766
0.773
0.672
0.784
0.851
0.692
0.85
0.894
0.792
0.861
0.828
1
0.834
0.814
0.503
1
0.814
1
0.6
0.775
0.974
0.956
1
0.98
0.829
0.831
0.814
0.912
0.989
0.876
0.487
0.995
0.845
0.629
1
0.991
0.637
1
1
0.809
0.947
0.854
0.841
0.781
0.6
1
1
1
0.663
1
1
1
0.96
0.708
0.862
0.984
0.492
0.893
1
0.983
0.878
0.885
0.858
0.859
0.908
0.814
0.915
0.913
0.763
0.761
1
0.789
0.809
0.802
0.934
0.946
0.959
0.985
1
0.858
1
1
1
0.872
0.926
0.904
0.818
0.888
0.727
0.624
1
0.485
1
1
0
0.491
0.854
0.907
0.602
0.792
1
0.972
0.826
0.837
0.909
0.83
1
0.828
0.836
0.919
1
1
1
0.96
1
1
0.837
0.818
0.917
0.846
0.821
1
0.993
0.951
0.692
0.947
0.605
0.828
0.905
0.825
0.868
1
1
0.979
0.99
0.673
1
0.902
0.723
0.587
1
0.809
0.866
0.494
0.778
0.603
0.937
0.826
1
0.505
0.786
0.842
0.86
0.825
1
0.779
0.582
1
0.755
0.614
0.901
0.951
0.924
0.989
0.91
0.951
0.988
0.947
0.881
0.963
0.783
0.974
0.747
0.88
0.925
0.788
0.763
0.787
0.996
0.917
0.81
0.484
1
1
0.822
0.518
0.784
1
0.782
0.853
0.849
0.758
0.853
1
1
0.971
0.929
0
0.932
0.848
0.485
0.86
0.522
0.834
1
0.854
0.757
0.901
1
1
0.708
1
0.818
0
0.827
1
0.951
1
0.5
0.88
0.776
0.745
0.919
0.896
0.511
0.751
0.903
0.888
0.764
0.875
0.99
0.88
1
0.83
0.704
0.744
0.997
0.726
1
1
0.902
0.867
0.81
0.785
0.928
0.809
0.672
0.772
0.909
1
0.746
0.837
0.748
1
0.709
0.932
0.771
0.959
0.793
0.786
0.842
1
0.845
0.852
0.888
0.775
1
0
1
0.742
1
0.801
0.514
0.84
0.875
1
0.794
0.738
1
0.634
0.818
0.89
0.842
0.899
0.956
1
0.804
0.526
0.788
0.791
0.836
0.733
0.83
0
0.841
0.809
0.817
0.853
0.667
1
0.494
0.925
1
0.822
0.943
0.986
0.888
1
1
0.681
0.961
0.658
1
0.831
0.785
0.678
0.842
0.744
1
0.903
0.836
0.888
0.861
0.81
1
0.917
0.796
0.615
0.469
0.639
0.84
0.739
0.903
1
0.916
0.833
0.743
0.983
0.799
0.974
1
0.722
1
1
0.641
0.844
0.858
0.814
0.862
0.829
0.764
0.87
0.604
0.876
0.852
0.925
0.753
0.889
0.601
0.743
0.779
1
0.932
0.481
0.846
0.486
0.993
0.8
0.934
0.732
0.715
0.992
0.791
1
0.853
0.711
0.808
0.912
0.891
0.821
0.948
0.875
1
1
0.798
0.931
0.821
0.868
0.74
0.776
0.825
1
1
1
0.843
1
0.879
0.646
1
1
0.487
0.628
0.822
0.492
0.969
0.79
0.92
0.986
0.916
0.769
0.83
0.754
0.868
0.916
1
0.946
0.788
0.99
0.821
0.727
0.941
1
0.86
0.779
1
0.8
1
0.774
1
1
0.893
1
1
0.935
1
0.683
1
1
0.518
1
0.805
0
0.497
0.904
0.766
1
0.683
1
0.784
0.753
1
0.987
0.81
1
1
0.779
1
0.644
0.932
0.796
1
0.79
0.844
0.788
1
0.889
0.893
0.755
0.833
0.832
0.785
0.859
0.497
1
0.823
0.884
0.878
0.909
1
0.986
0.911
1
0.848
1
0.772
0.788
1
0.498
1
1
0.956
1
0.815
1
1
0.676
0.837
0.813
1
0.995
0.917
0.848
0.933
0.756
0.853
1
1
0.503
0.844
1
0.924
0.77
0.739
0.785
0.982
0.871
0.736
0.87
0.908
0.759
0.974
0.834
0.777
0.995
0.819
0.829
1
0.929
1
0.743
0.769
0.947
0.969
0.754
0.961
0.861
0.772
0.641
0.825
0.881
0.748
1
0.83
0.825
0.676
0.869
0.829
1
0.908
0.853
1
0.792
0.859
0.894
0.794
1
1
0.775
0.853
0.759
0.963
1
0.818
0.799
0.522
0.606
0.935
0.93
0.875
0.848
0.971
0.867
0.838
0.826
0.741
0.838
0.765
0.925
0.993
0.761
0.776
0.86
0.765
0.914
0.683
0.942
0.852
0.748
0.785
0.931
0.808
0.757
0.673
0.836
0.794
1
0.795
0.816
0.818
0.901
0.921
0.831
0.471
0.62
0.831
0.988
1
0.793
0.991
0.995
0.949
0.859
0.858
1
0.737
1
0.787
0.831
0.918
0.952
0.987
0.977
0.727
0.627
0.767
1
0.886
0.83
0.939
0.77
0.501
1
0.484
0.857
0.845
1
0.942
0.514
1
0.888
0.85
0.798
0.763
1
0.502
0.617
1
1
0.918
0.853
0.902
1
0.872
0.754
0.906
0.847
0.759
0.894
0.733
0.925
0.855
0.926
0.777
0.833
0.979
0.66
0.763
1
0.789
0.803
0.849
0.917
0.478
0.845
1
0.762
0.931
0.937
0.6
1
1
0.887
0.824
0.871
0.858
0.972
1
1
0.752
0.819
0.893
1
0.878
0.814
0.96
0.91
1
0.815
0.915
0.768
0.777
0.938
0.784
0.859
0.968
0.991
1
0.831
0.866
1
1
0.503
0.973
0.913
0.965
0.52
0.871
0.821
0.846
1
0.896
0.894
1
0.748
0.805
0.758
0.831
1
0.993
0.877
0.745
0.736
0.801
0.901
0.73
0.992
0.986
0.662
0.821
1
0.793
0.897
1
0.854
0.793
0.819
0.926
0.655
0.73
0.842
1
0.896
1
0.901
0.485
1
0.52
0.776
0.812
0.795
1
0.993
0.924
0.996
0.834
0.932
1
0.805
0.75
0.595
0.905
0.75
0.807
0.942
0.872
0.769
1
0.99
0.862
0.827
1
1
1
1
0.927
0.871
0.781
0.862
0.985
0.914
0.821
0.743
1
0.594
1
0.837
0.855
0.803
0.866
0.668
0.766
0.801
0.825
0.916
1
0.609
0.871
0.761
1
0.871
0.779
0.888
0.874
0.828
1
0.989
0.824
0.487
1
0.535
1
0.8
0.904
0.938
0.99
0.76
0.746
0.835
0.774
0.815
0.757
1
1
0.888
0.883
0.849
1
1
0.763
1
0.964
0.97
0.7
0.866
0.88
1
0.848
0.876
0.956
0.897
0.48
0.85
0.279
0.831
0.839
0.969
1
1
0.862
1
0.819
0.506
0.77
1
0.802
0.99
0.504
0.763
0.807
0.806
1
0.901
0.87
0.777
0.858
0.906
0.886
0.79
0.927
0.685
0.697
0.8
0.814
0.829
0.769
1
1
0.744
0.725
0.97
1
0.824
0.929
0.756
0.883
0.982
0.649
0.837
0.944
0.888
0.742
0.79
0.895
0.916
0.908
0.807
0.948
0.926
0.788
0.885
1
0.768
1
0.76
0.804
1
0.828
0.793
0.889
1
0.751
0.984
1
0.995
1
0.488
0.645
0.597
0.818
1
0.837
0.965
0.987
1
0.482
1
0.871
1
0.805
1
1
1
0.524
0.779
0
1
0.901
0.874
0
0.846
0.832
1
0.866
1
1
0
1
1
0.487
1
1
0.929
0.838
0.835
0.677
0
0.883
0
0.789
0.847
0.91
0.981
0.669
0.851
0.852
1
1
1
0.501
1
0.892
1
0.938
0.964
0.781
1
0.772
1
0.802
0.851
0.845
0.803
0.888
0.828
0.818
0.6
0.774
0.942
0.814
0
1
1
0.836
1
0
1
0.756
0
0.936
1
0.862
1
0.839
0.993
0.659
0.933
0.678
0.995
0.494
0.91
1
0.921
0.788
0.975
1
0.51
0.974
0.907
0.86
0.849
0.847
0.934
0.955
1
1
1
0.81
0.895
0.819
1
0.853
1
0.844
0.484
0.515
0.93
0.89
0.499
0.831
0.897
0.607
0.79
0.508
0.934
1
0.876
0.509
0.518
0
1
0.935
0.778
0.912
0.767
1
0.827
0.887
0.884
0.766
0.935
0.971
0.885
0.833
0.91
0
0
0.782
0.644
0.673
1
1
0.927
0.83
0.989
1
0.997
0.663
0.96
0.735
0.946
1
0.847
0.511
1
0
1
1
0.911
0.49
1
0.886
0.791
0.812
0.839
0.962
0.822
1
0.882
0.775
0.765
0.893
0.79
0.841
0.961
0.684
0.82
1
0.835
1
1
0.581
1
0.559
0.865
1
1
0.506
0.975
1
0.994
0.935
0.933
1
0.842
1
1
0.958
0.821
0.85
0.89
1
0.911
1
1
0.854
0.744
0.848
0.79
1
0.874
1
0.67
1
0.943
0.626
0.594
0.772
1
1
1
0.838
0.822
1
0.906
0.932
0.917
0.827
0.867
0.955
0.967
0.787
1
0.776
1
0.837
0.679
1
0.841
0.986
0.883
1
0.876
0.833
1
0.763
0.925
0.854
0.822
0.939
0.837
1
0.951
1
0.914
1
0.767
0.891
0.785
0.809
0.8
1
0.849
1
1
0.776
1
0
0.485
0.893
0.966
0.786
0.998
0.731
0.87
0.845
0.914
0.774
1
0.502
0.807
0.844
0.714
0.915
0.857
0.884
0.841
0.787
0.843
0.778
0.759
0.792
0.752
0.907
1
1
1
0.874
0.771
0.81
0.897
0.776
0.741
0.983
1
0.986
1
0.827
0.835
0.86
1
0.888
0.777
0.91
1
1
1
0.821
0.623
0.907
0.857
0.886
0.64
0.788
0.93
0.82
0.477
0.948
0.776
0.814
0.893
1
0.77
0.988
0.795
0.864
0.898
0.832
0.774
0.987
1
0.731
0
0.822
1
0.842
0.857
0.876
0.782
1
0.713
0.963
0.763
0.5
0.866
0.917
0.781
0.917
0.966
0.89
0.812
0.992
0.753
0.831
0.75
0.842
0.841
0.853
0.796
0.845
1
0.993
1
0.757
0.772
0.93
0.907
0.948
0.751
1
1
0.844
0.768
0.795
0.82
1
1
0.888
0.511